#
#
#
#
BINZ 0.01 0.02 0.03 0.04 0.05 0.06 0.07 0.08 0.09 0.10 0.11 0.15 0.2 0.25 0.3 0.35 0.4 0.45 0.5 0.55 0.6 0.65 0.7 0.75 0.8 0.85 0.9 0.95 1.0 1.2 1.4 1.6 1.8 2.0 2.2 2.4 2.6 2.8 3.0 3.2 3.4 3.6 3.8 4.0 4.2 4.4 4.6 4.8 5.0 5.5 6.0 6.5 7.0 7.5 8.0 8.5 9.0
#
BINE 0.001 0.001122018 0.001258925 0.001412538 0.001584893 0.001778279 0.001995262 0.002238721 0.002511886 0.002818383 0.003162278 0.003548134 0.003981072 0.004466836 0.005011872 0.005623413 0.006309573 0.007079458 0.007943282 0.008912509 0.01 0.01122018 0.01258925 0.01412538 0.01584893 0.01778279 0.01995262 0.02238721 0.02511886 0.02818383 0.03162278 0.03548134 0.03981072 0.04466836 0.05011872 0.05623413 0.06309573 0.07079458 0.07943282 0.08912509 0.1 0.1122018 0.1258925 0.1412538 0.1584893 0.1778279 0.1995262 0.2238721 0.2511886 0.2818383 0.3162278 0.3548134 0.3981072 0.4466836 0.5011872 0.5623413 0.6309573 0.7079458 0.7943282 0.8912509 1.0 1.122018 1.258925 1.412538 1.584893 1.778279 1.995262 2.238721 2.511886 2.818383 3.162278 3.548134 3.981072 4.466836 5.011872 5.623413 6.309573 7.079458 7.943282 8.912509 10.0 11.22018 12.58925 14.12538 15.84893 17.78279 19.95262 22.38721 25.11886 28.18383 31.62278 35.48134 39.81072 44.66836 50.11872 56.23413 63.09573 70.79458 79.43282 89.12509 100.0
#
TAU
1.733259e-07 3.494943e-07 5.285392e-07 7.102969e-07 8.947266e-07 1.082040e-06 1.272268e-06 1.465487e-06 1.661468e-06 1.860214e-06 2.061854e-06 2.898193e-06 4.010264e-06 5.198487e-06 6.464392e-06 7.809471e-06 9.235442e-06 1.074274e-05 1.233179e-05 1.400274e-05 1.575590e-05 1.758928e-05 1.950265e-05 2.149435e-05 2.356159e-05 2.570293e-05 2.791495e-05 3.019516e-05 3.253937e-05 4.246802e-05 5.301174e-05 6.369561e-05 7.402999e-05 8.358363e-05 9.206307e-05 9.931906e-05 1.053348e-04 1.101821e-04 1.140058e-04 1.169807e-04 1.192826e-04 1.210665e-04 1.224587e-04 1.235578e-04 1.244389e-04 1.251593e-04 1.257612e-04 1.262665e-04 1.266830e-04 1.273851e-04 1.278492e-04 1.282088e-04 1.284925e-04 1.287102e-04 1.288737e-04 1.289882e-04 1.290582e-04
1.841210e-07 3.713816e-07 5.618275e-07 7.552839e-07 9.517115e-07 1.151354e-06 1.354251e-06 1.560496e-06 1.769838e-06 1.982283e-06 2.197987e-06 3.094417e-06 4.290498e-06 5.573193e-06 6.944313e-06 8.405417e-06 9.958169e-06 1.160273e-05 1.333918e-05 1.516743e-05 1.708762e-05 1.909735e-05 2.119639e-05 2.338298e-05 2.565411e-05 2.800849e-05 3.044243e-05 3.295353e-05 3.553726e-05 4.650412e-05 5.818371e-05 7.003140e-05 8.148119e-05 9.203922e-05 1.013685e-04 1.092995e-04 1.158201e-04 1.210221e-04 1.250804e-04 1.282024e-04 1.305940e-04 1.324345e-04 1.338701e-04 1.350139e-04 1.359498e-04 1.367366e-04 1.374122e-04 1.379891e-04 1.384685e-04 1.392800e-04 1.398056e-04 1.401993e-04 1.405008e-04 1.407264e-04 1.408940e-04 1.410112e-04 1.410843e-04
1.963766e-07 3.962513e-07 5.996813e-07 8.064771e-07 1.016600e-06 1.230326e-06 1.447708e-06 1.668850e-06 1.893475e-06 2.121594e-06 2.353383e-06 3.318458e-06 4.610053e-06 5.999290e-06 7.487920e-06 9.077297e-06 1.076886e-05 1.256241e-05 1.445768e-05 1.645447e-05 1.855288e-05 2.075028e-05 2.304666e-05 2.544044e-05 2.792854e-05 3.051016e-05 3.318143e-05 3.594027e-05 3.878187e-05 5.087639e-05 6.380286e-05 7.693310e-05 8.960940e-05 1.012655e-04 1.115159e-04 1.201711e-04 1.272286e-04 1.328089e-04 1.371289e-04 1.404417e-04 1.429922e-04 1.449880e-04 1.465896e-04 1.479133e-04 1.490375e-04 1.500231e-04 1.509072e-04 1.516903e-04 1.523460e-04 1.534042e-04 1.540365e-04 1.544871e-04 1.548198e-04 1.550610e-04 1.552369e-04 1.553596e-04 1.554375e-04
2.103502e-07 4.246118e-07 6.428524e-07 8.648625e-07 1.090600e-06 1.320377e-06 1.554252e-06 1.792339e-06 2.034331e-06 2.280239e-06 2.530260e-06 3.572793e-06 4.971197e-06 6.478256e-06 8.095406e-06 9.823659e-06 1.166419e-05 1.361652e-05 1.568018e-05 1.785502e-05 2.014140e-05 2.253670e-05 2.504147e-05 2.765456e-05 3.037312e-05 3.319705e-05 3.612246e-05 3.914773e-05 4.226785e-05 5.559136e-05 6.988962e-05 8.443321e-05 9.845476e-05 1.113059e-04 1.225511e-04 1.319895e-04 1.396540e-04 1.457251e-04 1.504747e-04 1.541956e-04 1.571557e-04 1.595675e-04 1.615994e-04 1.633835e-04 1.649950e-04 1.664667e-04 1.677960e-04 1.689508e-04 1.698837e-04 1.713027e-04 1.720914e-04 1.726273e-04 1.730072e-04 1.732725e-04 1.734616e-04 1.735927e-04 1.736779e-04
2.262166e-07 4.567958e-07 6.918112e-07 9.310284e-07 1.174399e-06 1.422266e-06 1.674693e-06 1.931799e-06 2.193243e-06 2.459031e-06 2.729378e-06 3.857734e-06 5.373164e-06 7.007782e-06 8.762605e-06 1.063832e-05 1.263596e-05 1.475496e-05 1.699489e-05 1.935599e-05 2.183921e-05 2.444223e-05 2.716652e-05 3.001170e-05 3.297527e-05 3.605813e-05 3.925640e-05 4.256904e-05 4.599077e-05 6.065618e-05 7.646332e-05 9.256046e-05 1.080516e-04 1.222061e-04 1.345706e-04 1.449955e-04 1.535837e-04 1.605539e-04 1.661903e-04 1.707914e-04 1.746659e-04 1.780490e-04 1.810770e-04 1.838179e-04 1.863023e-04 1.885349e-04 1.905013e-04 1.921599e-04 1.934600e-04 1.953616e-04 1.963665e-04 1.970203e-04 1.974655e-04 1.977657e-04 1.979745e-04 1.981183e-04 1.982138e-04
2.440111e-07 4.928480e-07 7.465857e-07 1.004960e-06 1.267912e-06 1.535812e-06 1.808731e-06 2.086781e-06 2.369589e-06 2.657154e-06 2.949701e-06 4.171158e-06 5.812089e-06 7.581993e-06 9.481531e-06 1.151124e-05 1.367226e-05 1.596428e-05 1.838720e-05 2.094203e-05 2.363070e-05 2.645149e-05 2.940710e-05 3.249817e-05 3.572268e-05 3.908273e-05 4.257441e-05 4.619738e-05 4.994599e-05 6.607562e-05 8.353804e-05 1.013392e-04 1.184633e-04 1.341888e-04 1.481340e-04 1.601852e-04 1.704439e-04 1.791095e-04 1.865203e-04 1.929948e-04 1.987498e-04 2.039093e-04 2.085376e-04 2.126755e-04 2.163502e-04 2.195761e-04 2.223546e-04 2.246458e-04 2.264086e-04 2.289287e-04 2.302169e-04 2.310289e-04 2.315653e-04 2.319156e-04 2.321528e-04 2.323147e-04 2.324244e-04
2.636040e-07 5.324831e-07 8.067077e-07 1.085982e-06 1.370233e-06 1.659857e-06 1.954929e-06 2.255553e-06 2.561323e-06 2.872225e-06 3.188500e-06 4.508804e-06 6.281614e-06 8.192411e-06 1.024171e-05 1.243019e-05 1.475944e-05 1.722975e-05 1.984172e-05 2.259751e-05 2.550039e-05 2.854945e-05 3.174891e-05 3.510062e-05 3.860313e-05 4.225985e-05 4.606684e-05 5.002448e-05 5.412666e-05 7.184911e-05 9.112917e-05 1.108793e-04 1.301211e-04 1.482200e-04 1.647900e-04 1.796596e-04 1.929736e-04 2.049265e-04 2.156601e-04 2.252867e-04 2.338906e-04 2.415346e-04 2.482824e-04 2.542029e-04 2.593566e-04 2.638016e-04 2.675634e-04 2.706216e-04 2.729459e-04 2.762364e-04 2.778981e-04 2.789280e-04 2.795920e-04 2.800126e-04 2.802891e-04 2.804756e-04 2.806047e-04
2.847177e-07 5.751255e-07 8.712831e-07 1.172864e-06 1.479778e-06 1.792447e-06 2.110954e-06 2.435387e-06 2.765314e-06 3.100704e-06 3.441817e-06 4.865027e-06 6.774037e-06 8.829422e-06 1.103186e-05 1.338251e-05 1.588380e-05 1.853699e-05 2.134370e-05 2.430757e-05 2.743353e-05 3.072161e-05 3.417780e-05 3.780532e-05 4.160330e-05 4.557662e-05 4.972129e-05 5.403853e-05 5.852185e-05 7.798606e-05 9.940661e-05 1.218125e-04 1.443208e-04 1.662894e-04 1.873375e-04 2.072680e-04 2.259507e-04 2.431827e-04 2.587887e-04 2.727244e-04 2.850287e-04 2.957934e-04 3.051420e-04 3.132081e-04 3.201261e-04 3.260100e-04 3.309324e-04 3.349000e-04 3.378994e-04 3.421615e-04 3.443265e-04 3.456560e-04 3.464940e-04 3.470101e-04 3.473410e-04 3.475900e-04 3.479008e-04
3.069778e-07 6.200148e-07 9.391557e-07 1.264046e-06 1.594577e-06 1.931199e-06 2.274005e-06 2.623069e-06 2.977931e-06 3.338547e-06 3.705194e-06 5.233770e-06 7.281443e-06 9.483487e-06 1.184108e-05 1.435623e-05 1.703258e-05 1.987265e-05 2.287938e-05 2.605810e-05 2.941567e-05 3.295318e-05 3.667864e-05 4.059684e-05 4.470771e-05 4.901822e-05 5.352507e-05 5.823248e-05 6.313652e-05 8.469186e-05 1.091076e-04 1.355979e-04 1.633750e-04 1.919098e-04 2.205372e-04 2.484520e-04 2.749278e-04 2.993126e-04 3.211989e-04 3.404927e-04 3.572958e-04 3.717864e-04 3.841995e-04 3.947756e-04 4.037492e-04 4.113122e-04 4.176016e-04 4.226536e-04 4.264775e-04 4.319818e-04 4.348203e-04 4.365515e-04 4.376263e-04 4.383470e-04 4.391176e-04 4.403435e-04 4.421579e-04
3.299749e-07 6.663308e-07 1.009094e-06 1.357886e-06 1.712579e-06 2.073655e-06 2.441224e-06 2.815341e-06 3.195526e-06 3.581716e-06 3.974215e-06 5.609172e-06 7.796366e-06 1.014578e-05 1.265941e-05 1.534046e-05 1.819404e-05 2.122424e-05 2.443543e-05 2.783494e-05 3.143191e-05 3.522894e-05 3.923711e-05 4.346480e-05 4.791588e-05 5.260454e-05 5.753398e-05 6.271840e-05 6.816208e-05 9.268648e-05 1.216968e-04 1.547539e-04 1.912509e-04 2.301602e-04 2.698863e-04 3.087114e-04 3.452735e-04 3.785540e-04 4.080375e-04 4.337048e-04 4.557806e-04 4.746095e-04 4.905741e-04 5.040656e-04 5.154355e-04 5.249733e-04 5.328858e-04 5.392457e-04 5.440850e-04 5.511731e-04 5.549014e-04 5.572998e-04 5.595721e-04 5.626611e-04 5.670543e-04 5.729792e-04 5.793717e-04
3.533087e-07 7.132764e-07 1.079909e-06 1.452807e-06 1.831826e-06 2.217483e-06 2.609910e-06 3.009141e-06 3.414681e-06 3.826450e-06 4.244783e-06 5.985880e-06 8.312082e-06 1.080837e-05 1.347786e-05 1.632512e-05 1.935710e-05 2.257972e-05 2.599946e-05 2.962700e-05 3.347662e-05 3.755655e-05 4.188667e-05 4.648540e-05 5.136680e-05 5.655949e-05 6.207842e-05 6.795320e-05 7.419987e-05 1.033136e-04 1.397158e-04 1.832729e-04 2.328621e-04 2.862795e-04 3.406272e-04 3.931811e-04 4.420178e-04 4.858856e-04 5.242768e-04 5.573448e-04 5.855246e-04 6.093723e-04 6.294624e-04 6.463560e-04 6.605431e-04 6.724226e-04 6.822772e-04 6.902219e-04 6.963165e-04 7.054951e-04 7.116303e-04 7.196452e-04 7.312464e-04 7.456372e-04 7.619784e-04 7.793507e-04 7.946114e-04
3.766106e-07 7.601204e-07 1.150515e-06 1.547375e-06 1.950542e-06 2.360574e-06 2.777627e-06 3.201719e-06 3.632339e-06 4.069390e-06 4.513242e-06 6.359139e-06 8.822582e-06 1.146410e-05 1.428822e-05 1.730157e-05 2.051432e-05 2.393702e-05 2.758280e-05 3.147104e-05 3.562752e-05 4.007204e-05 4.484030e-05 4.996833e-05 5.548683e-05 6.144530e-05 6.787765e-05 7.483783e-05 8.236217e-05 1.188976e-04 1.668187e-04 2.256557e-04 2.930624e-04 3.651768e-04 4.376066e-04 5.066641e-04 5.699724e-04 6.261627e-04 6.748661e-04 7.164870e-04 7.517363e-04 7.814189e-04 8.063332e-04 8.272275e-04 8.447518e-04 8.594406e-04 8.716865e-04 8.817347e-04 8.898554e-04 9.073149e-04 9.324973e-04 9.692517e-04 1.012067e-03 1.055181e-03 1.096209e-03 1.133625e-03 1.162745e-03
3.995525e-07 8.062135e-07 1.219949e-06 1.640321e-06 2.067158e-06 2.501065e-06 2.942229e-06 3.390649e-06 3.845799e-06 4.307572e-06 4.776372e-06 6.724785e-06 9.322909e-06 1.210852e-05 1.508994e-05 1.827966e-05 2.169615e-05 2.535998e-05 2.929688e-05 3.354125e-05 3.813844e-05 4.312754e-05 4.857216e-05 5.453766e-05 6.108335e-05 6.829266e-05 7.622450e-05 8.496043e-05 9.455450e-05 1.425465e-04 2.069706e-04 2.862962e-04 3.763773e-04 4.713952e-04 5.654056e-04 6.538319e-04 7.339691e-04 8.044243e-04 8.650584e-04 9.166024e-04 9.600864e-04 9.966005e-04 1.027215e-03 1.052937e-03 1.074770e-03 1.093890e-03 1.111726e-03 1.129822e-03 1.149586e-03 1.216533e-03 1.314281e-03 1.427634e-03 1.536793e-03 1.632293e-03 1.713372e-03 1.780536e-03 1.828857e-03
4.218575e-07 8.510109e-07 1.287413e-06 1.730609e-06 2.180422e-06 2.637511e-06 3.102095e-06 3.574189e-06 4.053241e-06 4.539160e-06 5.032408e-06 7.082462e-06 9.818841e-06 1.276117e-05 1.592631e-05 1.933793e-05 2.302908e-05 2.703704e-05 3.140874e-05 3.620618e-05 4.151073e-05 4.739589e-05 5.396533e-05 6.132081e-05 6.955143e-05 7.877571e-05 8.907212e-05 1.005470e-04 1.132618e-04 1.776324e-04 2.640839e-04 3.693329e-04 4.870479e-04 6.093208e-04 7.286547e-04 8.396349e-04 9.392963e-04 1.026304e-03 1.100809e-03 1.163948e-03 1.217176e-03 1.262099e-03 1.300771e-03 1.336002e-03 1.371366e-03 1.410624e-03 1.457412e-03 1.514465e-03 1.583052e-03 1.804569e-03 2.068990e-03 2.326886e-03 2.546598e-03 2.721918e-03 2.859801e-03 2.966666e-03 3.039304e-03
4.436262e-07 8.948027e-07 1.353517e-06 1.819313e-06 2.292030e-06 2.772439e-06 3.260792e-06 3.757203e-06 4.261090e-06 4.772403e-06 5.291730e-06 7.454462e-06 1.035578e-05 1.350090e-05 1.692148e-05 2.066037e-05 2.477646e-05 2.933829e-05 3.443071e-05 4.015643e-05 4.664297e-05 5.400204e-05 6.238173e-05 7.192274e-05 8.273951e-05 9.498285e-05 1.087421e-04 1.241405e-04 1.412397e-04 2.275635e-04 3.418889e-04 4.786980e-04 6.292952e-04 7.836043e-04 9.325058e-04 1.069744e-03 1.192121e-03 1.298454e-03 1.389405e-03 1.467161e-03 1.535423e-03 1.599538e-03 1.666189e-03 1.742651e-03 1.835790e-03 1.950978e-03 2.091687e-03 2.258568e-03 2.448914e-03 2.992308e-03 3.547779e-03 4.031700e-03 4.411263e-03 4.695126e-03 4.906321e-03 5.062084e-03 5.163548e-03
4.666145e-07 9.413847e-07 1.424365e-06 1.915139e-06 2.413586e-06 2.920671e-06 3.436707e-06 3.961992e-06 4.495900e-06 5.038471e-06 5.590519e-06 7.901187e-06 1.103539e-05 1.448680e-05 1.831387e-05 2.259210e-05 2.742016e-05 3.290999e-05 3.919345e-05 4.642161e-05 5.477429e-05 6.440311e-05 7.550177e-05 8.824543e-05 1.027675e-04 1.192411e-04 1.377590e-04 1.584472e-04 1.813518e-04 2.956406e-04 4.439902e-04 6.184165e-04 8.077593e-04 9.996086e-04 1.183039e-03 1.350956e-03 1.500223e-03 1.631040e-03 1.748181e-03 1.860498e-03 1.979203e-03 2.116260e-03 2.282951e-03 2.488759e-03 2.740146e-03 3.039553e-03 3.385157e-03 3.770778e-03 4.185485e-03 5.263412e-03 6.254028e-03 7.051458e-03 7.640395e-03 8.060054e-03 8.359432e-03 8.572107e-03 8.706274e-03
4.946942e-07 9.988369e-07 1.512650e-06 2.035755e-06 2.568177e-06 3.111191e-06 3.665193e-06 4.230900e-06 4.807535e-06 5.395386e-06 5.995638e-06 8.532722e-06 1.204203e-05 1.600081e-05 2.050556e-05 2.567683e-05 3.166621e-05 3.863705e-05 4.677440e-05 5.628140e-05 6.739342e-05 8.029583e-05 9.522654e-05 1.123858e-04 1.319155e-04 1.540016e-04 1.787227e-04 2.061962e-04 2.364438e-04 3.851040e-04 5.741530e-04 7.930234e-04 1.027895e-03 1.263742e-03 1.487920e-03 1.694058e-03 1.884453e-03 2.069595e-03 2.266647e-03 2.494214e-03 2.769475e-03 3.107027e-03 3.517378e-03 4.006114e-03 4.573275e-03 5.212385e-03 5.911087e-03 6.652503e-03 7.414916e-03 9.267383e-03 1.084294e-02 1.203870e-02 1.288260e-02 1.346222e-02 1.386264e-02 1.413906e-02 1.430918e-02
5.349382e-07 1.081956e-06 1.641639e-06 2.213670e-06 2.798261e-06 3.397216e-06 4.011111e-06 4.641224e-06 5.286612e-06 5.947860e-06 6.626690e-06 9.536259e-06 1.366408e-05 1.845343e-05 2.405143e-05 3.063449e-05 3.841475e-05 4.761101e-05 5.846264e-05 7.122358e-05 8.618035e-05 1.035472e-04 1.235985e-04 1.465494e-04 1.725386e-04 2.017505e-04 2.342413e-04 2.701143e-04 3.093599e-04 4.993824e-04 7.366788e-04 1.007902e-03 1.296408e-03 1.585683e-03 1.867459e-03 2.148248e-03 2.448323e-03 2.794956e-03 3.216026e-03 3.732383e-03 4.358717e-03 5.104359e-03 5.971713e-03 6.955620e-03 8.042916e-03 9.212472e-03 1.043739e-02 1.168806e-02 1.293098e-02 1.580182e-02 1.810395e-02 1.977462e-02 2.091346e-02 2.167376e-02 2.218608e-02 2.253193e-02 2.274073e-02
5.988534e-07 1.214519e-06 1.848053e-06 2.499189e-06 3.168389e-06 3.858280e-06 4.569638e-06 5.304637e-06 6.061961e-06 6.842664e-06 7.649188e-06 1.116152e-05 1.627963e-05 2.237525e-05 2.965261e-05 3.834879e-05 4.873892e-05 6.109606e-05 7.570977e-05 9.288003e-05 1.129420e-04 1.361278e-04 1.627414e-04 1.930040e-04 2.270416e-04 2.650323e-04 3.070061e-04 3.530497e-04 4.031215e-04 6.424004e-04 9.366987e-04 1.270182e-03 1.627926e-03 2.006910e-03 2.421021e-03 2.900435e-03 3.485478e-03 4.213497e-03 5.110478e-03 6.186602e-03 7.443987e-03 8.878174e-03 1.047481e-02 1.220997e-02 1.405148e-02 1.596008e-02 1.789301e-02 1.980799e-02 2.166109e-02 2.577758e-02 2.893271e-02 3.114480e-02 3.261254e-02 3.357089e-02 3.420423e-02 3.462437e-02 3.487427e-02
7.013926e-07 1.427156e-06 2.179141e-06 2.957006e-06 3.761595e-06 4.596690e-06 5.463437e-06 6.365227e-06 7.300149e-06 8.269966e-06 9.278122e-06 1.373427e-05 2.037419e-05 2.842652e-05 3.815271e-05 4.985000e-05 6.385488e-05 8.049043e-05 1.000913e-04 1.229991e-04 1.495903e-04 1.801077e-04 2.148824e-04 2.541377e-04 2.979848e-04 3.465960e-04 3.999735e-04 4.581876e-04 5.211653e-04 8.188748e-04 1.182077e-03 1.603055e-03 2.094385e-03 2.688543e-03 3.426114e-03 4.356848e-03 5.529728e-03 6.976617e-03 8.706347e-03 1.070372e-02 1.294571e-02 1.540359e-02 1.803771e-02 2.080033e-02 2.363787e-02 2.649301e-02 2.930853e-02 3.203243e-02 3.461378e-02 4.017753e-02 4.429461e-02 4.710424e-02 4.892943e-02 5.010061e-02 5.086290e-02 5.136201e-02 5.165608e-02
8.625579e-07 1.761024e-06 2.698265e-06 3.673863e-06 4.689108e-06 5.749459e-06 6.856520e-06 8.015127e-06 9.222555e-06 1.048127e-05 1.179603e-05 1.766913e-05 2.653962e-05 3.738469e-05 5.051755e-05 6.629155e-05 8.510255e-05 1.073180e-04 1.333116e-04 1.634601e-04 1.981797e-04 2.377231e-04 2.824523e-04 3.325934e-04 3.882443e-04 4.495746e-04 5.165646e-04 5.892840e-04 6.676536e-04 1.037536e-03 1.505808e-03 2.108486e-03 2.912107e-03 3.984826e-03 5.380899e-03 7.153410e-03 9.342731e-03 1.195702e-02 1.496791e-02 1.831657e-02 2.194184e-02 2.578275e-02 2.977070e-02 3.383353e-02 3.789804e-02 4.189203e-02 4.574820e-02 4.940942e-02 5.282226e-02 6.000618e-02 6.517704e-02 6.863182e-02 7.083916e-02 7.223697e-02 7.313741e-02 7.372296e-02 7.406708e-02
1.108726e-06 2.270053e-06 3.488091e-06 4.762127e-06 6.093938e-06 7.491029e-06 8.955525e-06 1.049402e-05 1.210252e-05 1.378440e-05 1.554583e-05 2.345473e-05 3.545635e-05 5.012768e-05 6.782389e-05 8.895034e-05 1.139569e-04 1.432488e-04 1.772345e-04 2.163261e-04 2.609851e-04 3.114795e-04 3.682171e-04 4.314474e-04 5.012943e-04 5.780150e-04 6.617279e-04 7.528164e-04 8.515981e-04 1.338211e-03 2.029976e-03 3.038587e-03 4.485204e-03 6.454068e-03 8.989885e-03 1.212664e-02 1.587308e-02 2.018971e-02 2.498862e-02 3.015081e-02 3.556891e-02 4.114801e-02 4.679212e-02 5.240826e-02 5.790852e-02 6.321163e-02 6.824608e-02 7.295494e-02 7.728711e-02 8.623758e-02 9.254083e-02 9.668385e-02 9.930044e-02 1.009449e-01 1.019998e-01 1.026850e-01 1.030878e-01
1.472049e-06 3.019297e-06 4.647377e-06 6.354960e-06 8.144372e-06 1.002559e-05 1.200128e-05 1.408013e-05 1.625638e-05 1.853438e-05 2.092191e-05 3.164832e-05 4.789399e-05 6.764161e-05 9.127576e-05 1.192453e-04 1.520491e-04 1.901292e-04 2.339363e-04 2.839371e-04 3.406830e-04 4.045438e-04 4.761642e-04 5.561599e-04 6.451762e-04 7.442301e-04 8.543374e-04 9.770705e-04 1.113968e-03 1.848348e-03 3.018284e-03 4.816891e-03 7.398993e-03 1.083461e-02 1.512556e-02 2.025671e-02 2.617760e-02 3.277699e-02 3.988895e-02 4.732463e-02 5.492929e-02 6.257777e-02 7.015231e-02 7.754622e-02 8.466438e-02 9.142362e-02 9.775434e-02 1.036051e-01 1.089316e-01 1.197758e-01 1.272893e-01 1.321779e-01 1.352489e-01 1.371744e-01 1.384089e-01 1.392108e-01 1.396819e-01
1.990106e-06 4.084728e-06 6.291282e-06 8.607552e-06 1.103633e-05 1.359057e-05 1.627346e-05 1.909605e-05 2.205030e-05 2.514158e-05 2.837931e-05 4.288810e-05 6.472546e-05 9.103378e-05 1.222109e-04 1.587494e-04 2.012203e-04 2.501609e-04 3.062136e-04 3.701674e-04 4.431579e-04 5.263203e-04 6.214392e-04 7.304758e-04 8.555428e-04 9.993529e-04 1.164589e-03 1.354848e-03 1.573571e-03 2.820304e-03 4.885573e-03 8.025600e-03 1.239269e-02 1.799773e-02 2.475876e-02 3.257925e-02 4.132385e-02 5.079115e-02 6.072626e-02 7.086806e-02 8.101931e-02 9.103304e-02 1.007795e-01 1.101475e-01 1.190425e-01 1.273860e-01 1.351161e-01 1.421926e-01 1.485832e-01 1.614617e-01 1.703039e-01 1.760347e-01 1.796300e-01 1.818833e-01 1.833273e-01 1.842642e-01 1.848134e-01
2.706929e-06 5.555160e-06 8.554096e-06 1.170025e-05 1.499684e-05 1.846021e-05 2.209402e-05 2.591189e-05 2.990295e-05 3.407361e-05 3.843489e-05 5.788938e-05 8.691608e-05 1.215406e-04 1.622300e-04 2.096931e-04 2.649504e-04 3.291956e-04 4.040961e-04 4.916218e-04 5.946006e-04 7.159963e-04 8.598239e-04 1.030356e-03 1.231894e-03 1.469615e-03 1.748445e-03 2.074653e-03 2.454005e-03 4.637141e-03 8.185478e-03 1.337657e-02 2.030604e-02 2.887315e-02 3.887195e-02 5.009620e-02 6.230624e-02 7.519955e-02 8.842988e-02 1.016692e-01 1.146884e-01 1.273308e-01 1.394645e-01 1.509828e-01 1.618003e-01 1.718513e-01 1.810895e-01 1.894913e-01 1.970403e-01 2.121776e-01 2.225381e-01 2.292464e-01 2.334518e-01 2.360850e-01 2.377697e-01 2.388601e-01 2.394976e-01
3.671894e-06 7.529746e-06 1.158529e-05 1.583321e-05 2.027732e-05 2.493769e-05 2.981830e-05 3.493644e-05 4.027722e-05 4.584920e-05 5.166518e-05 7.749592e-05 1.158517e-04 1.616979e-04 2.162305e-04 2.812569e-04 3.592588e-04 4.530511e-04 5.663893e-04 7.034205e-04 8.698307e-04 1.071322e-03 1.315088e-03 1.608440e-03 1.958420e-03 2.373343e-03 2.860780e-03 3.430143e-03 4.089536e-03 7.802997e-03 1.358019e-02 2.165622e-02 3.200745e-02 4.437190e-02 5.838501e-02 7.370894e-02 8.998906e-02 1.068216e-01 1.237759e-01 1.404676e-01 1.566483e-01 1.721642e-01 1.868951e-01 2.007514e-01 2.136667e-01 2.255933e-01 2.365019e-01 2.463863e-01 2.552456e-01 2.729792e-01 2.851030e-01 2.929439e-01 2.978519e-01 3.009190e-01 3.028763e-01 3.041393e-01 3.048750e-01
4.949131e-06 1.013968e-05 1.559070e-05 2.129349e-05 2.725641e-05 3.350650e-05 4.004592e-05 4.691383e-05 5.408410e-05 6.158001e-05 6.942261e-05 1.045450e-04 1.579757e-04 2.241450e-04 3.060337e-04 4.075240e-04 5.335074e-04 6.893430e-04 8.819114e-04 1.118517e-03 1.408765e-03 1.761827e-03 2.189022e-03 2.701392e-03 3.309089e-03 4.023947e-03 4.856007e-03 5.817555e-03 6.918323e-03 1.291330e-02 2.178820e-02 3.366075e-02 4.832877e-02 6.532619e-02 8.410355e-02 1.041809e-01 1.250908e-01 1.463364e-01 1.674144e-01 1.879003e-01 2.075468e-01 2.262218e-01 2.438288e-01 2.602991e-01 2.755826e-01 2.896447e-01 3.024690e-01 3.140634e-01 3.244396e-01 3.451834e-01 3.593420e-01 3.684800e-01 3.741861e-01 3.777419e-01 3.800040e-01 3.814582e-01 3.823022e-01
6.831646e-06 1.401651e-05 2.160273e-05 2.958319e-05 3.798053e-05 4.685291e-05 5.619748e-05 6.611503e-05 7.656100e-05 8.758626e-05 9.924480e-05 1.527659e-04 2.376492e-04 3.468280e-04 4.858913e-04 6.616207e-04 8.823372e-04 1.156954e-03 1.496516e-03 1.912417e-03 2.419238e-03 3.030204e-03 3.761497e-03 4.628058e-03 5.642798e-03 6.820627e-03 8.173105e-03 9.714492e-03 1.145496e-02 2.060733e-02 3.352707e-02 5.014080e-02 7.001637e-02 9.245280e-02 1.167039e-01 1.421492e-01 1.682190e-01 1.943448e-01 2.199795e-01 2.446829e-01 2.682214e-01 2.904862e-01 3.113964e-01 3.308920e-01 3.489282e-01 3.654763e-01 3.805288e-01 3.941072e-01 4.062378e-01 4.304435e-01 4.469221e-01 4.575260e-01 4.641263e-01 4.682256e-01 4.708242e-01 4.724887e-01 4.734516e-01
1.054162e-05 2.173652e-05 3.367970e-05 4.638228e-05 5.988739e-05 7.431398e-05 8.965519e-05 1.061038e-04 1.235857e-04 1.421873e-04 1.620115e-04 2.543675e-04 4.033941e-04 5.968269e-04 8.438278e-04 1.155151e-03 1.543745e-03 2.022986e-03 2.608974e-03 3.317890e-03 4.170000e-03 5.182614e-03 6.376757e-03 7.770586e-03 9.378634e-03 1.121783e-02 1.329992e-02 1.563987e-02 1.824683e-02 3.151669e-02 4.946386e-02 7.175976e-02 9.770760e-02 1.263565e-01 1.567631e-01 1.881868e-01 2.199958e-01 2.515907e-01 2.823997e-01 3.119586e-01 3.400293e-01 3.665047e-01 3.912991e-01 4.143486e-01 4.356070e-01 4.550499e-01 4.726816e-01 4.885427e-01 5.026812e-01 5.308210e-01 5.499100e-01 5.621484e-01 5.697387e-01 5.744368e-01 5.774051e-01 5.793004e-01 5.803935e-01
1.848061e-05 3.822268e-05 5.939665e-05 8.201958e-05 1.061725e-04 1.320494e-04 1.596348e-04 1.892510e-04 2.207552e-04 2.543033e-04 2.900372e-04 4.560285e-04 7.217129e-04 1.062972e-03 1.493797e-03 2.029923e-03 2.689760e-03 3.491733e-03 4.457464e-03 5.608221e-03 6.969914e-03 8.563092e-03 1.041282e-02 1.253918e-02 1.495683e-02 1.768340e-02 2.072919e-02 2.410841e-02 2.782754e-02 4.621843e-02 7.017829e-02 9.908065e-02 1.319457e-01 1.675766e-01 2.048716e-01 2.430265e-01 2.813899e-01 3.193343e-01 3.562291e-01 3.915413e-01 4.249920e-01 4.564536e-01 4.858253e-01 5.130353e-01 5.380378e-01 5.608183e-01 5.814015e-01 5.998573e-01 6.162655e-01 6.488175e-01 6.708066e-01 6.848494e-01 6.935289e-01 6.988844e-01 7.022578e-01 7.044050e-01 7.056391e-01
3.382422e-05 6.990067e-05 1.085259e-04 1.496885e-04 1.935281e-04 2.403263e-04 2.900481e-04 3.431969e-04 3.995177e-04 4.592602e-04 5.226160e-04 8.138253e-04 1.271924e-03 1.850355e-03 2.568914e-03 3.448862e-03 4.514577e-03 5.789703e-03 7.301273e-03 9.075103e-03 1.114189e-02 1.352400e-02 1.624928e-02 1.933817e-02 2.280372e-02 2.666263e-02 3.092198e-02 3.559366e-02 4.068007e-02 6.521048e-02 9.616537e-02 1.325973e-01 1.732627e-01 2.167829e-01 2.619594e-01 3.079520e-01 3.540675e-01 3.995898e-01 4.437635e-01 4.859373e-01 5.257682e-01 5.631003e-01 5.978168e-01 6.298428e-01 6.591414e-01 6.857198e-01 7.096366e-01 7.310033e-01 7.499439e-01 7.873867e-01 8.125723e-01 8.285984e-01 8.384719e-01 8.445457e-01 8.483595e-01 8.507786e-01 8.521640e-01
6.026401e-05 1.242345e-04 1.923631e-04 2.645977e-04 3.411372e-04 4.223850e-04 5.082857e-04 5.995572e-04 6.958009e-04 7.973739e-04 9.045352e-04 1.391326e-03 2.142843e-03 3.074775e-03 4.213276e-03 5.585376e-03 7.221476e-03 9.149924e-03 1.140223e-02 1.400753e-02 1.699992e-02 2.040187e-02 2.424246e-02 2.854067e-02 3.330625e-02 3.855346e-02 4.428482e-02 5.050890e-02 5.722303e-02 8.892604e-02 1.278828e-01 1.728637e-01 2.224528e-01 2.751540e-01 3.296657e-01 3.850543e-01 4.405006e-01 4.951219e-01 5.479815e-01 5.982793e-01 6.455986e-01 6.897571e-01 7.306304e-01 7.681529e-01 8.023129e-01 8.331557e-01 8.607904e-01 8.853867e-01 9.071258e-01 9.499550e-01 9.786504e-01 9.968461e-01 1.008019e+00 1.014870e+00 1.019157e+00 1.021867e+00 1.023413e+00
1.017996e-04 2.092932e-04 3.231218e-04 4.431638e-04 5.696892e-04 7.032564e-04 8.437962e-04 9.922697e-04 1.148088e-03 1.311738e-03 1.483561e-03 2.255592e-03 3.426834e-03 4.854930e-03 6.572628e-03 8.612465e-03 1.101013e-02 1.379735e-02 1.700858e-02 2.067475e-02 2.483182e-02 2.950063e-02 3.471008e-02 4.047623e-02 4.680420e-02 5.370479e-02 6.117509e-02 6.921967e-02 7.783041e-02 1.177942e-01 1.659195e-01 2.208082e-01 2.809409e-01 3.446645e-01 4.104705e-01 4.772237e-01 5.438914e-01 6.093588e-01 6.724691e-01 7.322592e-01 7.882415e-01 8.402207e-01 8.880833e-01 9.317947e-01 9.713902e-01 1.006974e+00 1.038722e+00 1.066880e+00 1.091697e+00 1.140434e+00 1.172959e+00 1.193507e+00 1.206080e+00 1.213763e+00 1.218555e+00 1.221572e+00 1.223288e+00
1.625288e-04 3.333333e-04 5.132810e-04 7.021430e-04 9.002636e-04 1.108397e-03 1.326463e-03 1.555695e-03 1.795265e-03 2.045801e-03 2.307748e-03 3.473557e-03 5.215230e-03 7.307073e-03 9.787968e-03 1.269488e-02 1.606744e-02 1.993926e-02 2.434629e-02 2.931980e-02 3.489620e-02 4.109330e-02 4.793870e-02 5.544454e-02 6.361078e-02 7.244472e-02 8.193848e-02 9.209390e-02 1.028989e-01 1.524288e-01 2.113144e-01 2.780573e-01 3.509746e-01 4.281180e-01 5.076289e-01 5.880598e-01 6.680849e-01 7.463086e-01 8.213376e-01 8.920495e-01 9.579045e-01 1.018722e+00 1.074429e+00 1.125045e+00 1.170675e+00 1.211498e+00 1.247777e+00 1.279841e+00 1.308026e+00 1.363194e+00 1.399857e+00 1.422929e+00 1.436997e+00 1.445564e+00 1.450889e+00 1.454232e+00 1.456126e+00
2.465133e-04 5.045360e-04 7.751826e-04 1.058086e-03 1.353655e-03 1.662898e-03 1.985717e-03 2.323645e-03 2.675563e-03 3.042237e-03 3.424251e-03 5.110557e-03 7.596312e-03 1.054208e-02 1.399190e-02 1.798599e-02 2.256674e-02 2.776825e-02 3.362661e-02 4.017212e-02 4.744081e-02 5.544710e-02 6.421779e-02 7.376236e-02 8.407738e-02 9.516912e-02 1.070273e-01 1.196541e-01 1.330360e-01 1.939280e-01 2.658240e-01 3.470505e-01 4.356100e-01 5.290814e-01 6.250966e-01 7.217865e-01 8.174752e-01 9.104686e-01 9.991471e-01 1.082255e+00 1.159237e+00 1.229955e+00 1.294401e+00 1.352673e+00 1.404959e+00 1.451533e+00 1.492762e+00 1.529079e+00 1.560915e+00 1.623015e+00 1.664107e+00 1.689867e+00 1.705519e+00 1.715020e+00 1.720906e+00 1.724586e+00 1.726663e+00
3.577539e-04 7.309497e-04 1.120959e-03 1.527245e-03 1.950268e-03 2.391336e-03 2.850341e-03 3.329127e-03 3.826239e-03 4.342575e-03 4.878885e-03 7.229684e-03 1.065492e-02 1.466658e-02 1.931301e-02 2.463654e-02 3.068121e-02 3.748072e-02 4.507127e-02 5.348285e-02 6.275316e-02 7.289574e-02 8.393988e-02 9.589597e-02 1.087606e-01 1.225421e-01 1.372304e-01 1.528301e-01 1.693271e-01 2.440887e-01 3.319890e-01 4.310205e-01 5.386671e-01 6.518174e-01 7.674326e-01 8.831461e-01 9.969187e-01 1.106778e+00 1.210911e+00 1.307962e+00 1.397384e+00 1.479110e+00 1.553217e+00 1.619901e+00 1.679461e+00 1.732292e+00 1.778880e+00 1.819780e+00 1.855536e+00 1.925043e+00 1.970841e+00 1.999444e+00 2.016762e+00 2.027237e+00 2.033700e+00 2.037722e+00 2.039980e+00
5.002332e-04 1.020587e-03 1.562707e-03 2.125847e-03 2.710515e-03 3.318364e-03 3.949278e-03 4.605433e-03 5.284983e-03 5.988957e-03 6.718287e-03 9.896011e-03 1.448011e-02 1.979485e-02 2.589244e-02 3.281749e-02 4.061691e-02 4.932596e-02 5.898447e-02 6.962562e-02 8.129343e-02 9.400461e-02 1.077948e-01 1.226779e-01 1.386519e-01 1.557280e-01 1.738958e-01 1.931610e-01 2.135077e-01 3.054521e-01 4.131324e-01 5.339656e-01 6.646498e-01 8.011638e-01 9.396843e-01 1.077332e+00 1.211731e+00 1.340660e+00 1.462140e+00 1.574737e+00 1.677940e+00 1.771780e+00 1.856454e+00 1.932291e+00 1.999727e+00 2.059299e+00 2.111638e+00 2.157438e+00 2.197371e+00 2.274738e+00 2.325501e+00 2.357077e+00 2.376117e+00 2.387585e+00 2.394626e+00 2.398983e+00 2.401413e+00
6.784674e-04 1.382578e-03 2.114263e-03 2.872528e-03 3.657929e-03 4.472504e-03 5.316111e-03 6.191301e-03 7.095755e-03 8.030653e-03 8.997136e-03 1.318684e-02 1.918075e-02 2.607312e-02 3.392290e-02 4.278066e-02 5.270092e-02 6.372495e-02 7.590138e-02 8.927014e-02 1.038851e-01 1.197673e-01 1.369596e-01 1.554790e-01 1.753238e-01 1.965067e-01 2.190158e-01 2.428562e-01 2.680072e-01 3.813278e-01 5.133389e-01 6.605519e-01 8.186123e-01 9.824347e-01 1.147366e+00 1.310025e+00 1.467720e+00 1.618004e+00 1.758754e+00 1.888493e+00 2.006792e+00 2.113828e+00 2.209954e+00 2.295665e+00 2.371561e+00 2.438346e+00 2.496814e+00 2.547816e+00 2.592171e+00 2.677807e+00 2.733732e+00 2.768354e+00 2.789128e+00 2.801575e+00 2.809174e+00 2.813847e+00 2.816437e+00
8.982175e-04 1.828565e-03 2.793344e-03 3.791253e-03 4.822918e-03 5.890825e-03 6.994746e-03 8.137801e-03 9.317059e-03 1.053392e-02 1.178980e-02 1.721296e-02 2.492466e-02 3.374303e-02 4.374023e-02 5.497828e-02 6.752366e-02 8.142619e-02 9.674536e-02 1.135284e-01 1.318398e-01 1.517042e-01 1.731719e-01 1.962621e-01 2.209713e-01 2.473119e-01 2.752668e-01 3.048359e-01 3.359883e-01 4.757665e-01 6.373381e-01 8.159760e-01 1.006086e+00 1.201426e+00 1.396475e+00 1.587351e+00 1.771069e+00 1.944986e+00 2.106896e+00 2.255342e+00 2.390029e+00 2.511325e+00 2.619775e+00 2.716067e+00 2.800991e+00 2.875436e+00 2.940382e+00 2.996856e+00 3.045833e+00 3.140024e+00 3.201193e+00 3.238844e+00 3.261305e+00 3.274685e+00 3.282804e+00 3.287768e+00 3.290511e+00
1.168496e-03 2.377018e-03 3.628406e-03 4.921010e-03 6.255591e-03 7.635213e-03 9.059482e-03 1.053238e-02 1.205017e-02 1.361461e-02 1.522753e-02 2.217581e-02 3.202227e-02 4.324853e-02 5.594400e-02 7.018366e-02 8.604701e-02 1.035928e-01 1.228925e-01 1.440008e-01 1.669936e-01 1.918977e-01 2.187689e-01 2.476251e-01 2.784554e-01 3.112658e-01 3.460271e-01 3.827256e-01 4.213119e-01 5.934300e-01 7.903690e-01 1.005908e+00 1.233070e+00 1.464361e+00 1.693348e+00 1.915672e+00 2.128111e+00 2.327906e+00 2.512844e+00 2.681546e+00 2.833903e+00 2.970507e+00 3.092125e+00 3.199660e+00 3.294118e+00 3.376600e+00 3.448295e+00 3.510423e+00 3.564137e+00 3.666957e+00 3.733284e+00 3.773844e+00 3.797892e+00 3.812138e+00 3.820750e+00 3.826007e+00 3.828910e+00
1.506144e-03 3.062517e-03 4.672707e-03 6.334724e-03 8.049511e-03 9.820894e-03 1.164820e-02 1.353662e-02 1.548143e-02 1.748480e-02 1.954917e-02 2.843096e-02 4.099434e-02 5.529302e-02 7.143518e-02 8.950992e-02 1.096115e-01 1.318073e-01 1.561811e-01 1.827926e-01 2.117262e-01 2.430054e-01 2.766856e-01 3.127752e-01 3.512479e-01 3.920935e-01 4.352625e-01 4.807179e-01 5.283835e-01 7.394398e-01 9.780998e-01 1.236416e+00 1.505873e+00 1.777640e+00 2.044395e+00 2.301373e+00 2.545208e+00 2.773116e+00 2.982939e+00 3.173428e+00 3.344690e+00 3.497570e+00 3.633088e+00 3.752401e+00 3.856759e+00 3.947511e+00 4.026077e+00 4.093899e+00 4.152327e+00 4.263569e+00 4.334801e+00 4.378080e+00 4.403628e+00 4.418729e+00 4.427843e+00 4.433397e+00 4.436453e+00
1.938808e-03 3.941288e-03 6.012031e-03 8.148558e-03 1.035211e-02 1.262736e-02 1.497329e-02 1.739668e-02 1.989138e-02 2.246029e-02 2.510641e-02 3.648069e-02 5.254697e-02 7.080511e-02 9.138393e-02 1.143859e-01 1.399184e-01 1.680533e-01 1.988826e-01 2.324645e-01 2.688853e-01 3.081555e-01 3.503222e-01 3.953743e-01 4.432606e-01 4.939450e-01 5.473488e-01 6.034020e-01 6.619933e-01 9.192714e-01 1.206488e+00 1.513717e+00 1.830800e+00 2.147583e+00 2.455924e+00 2.750754e+00 3.028659e+00 3.286887e+00 3.523381e+00 3.737058e+00 3.928283e+00 4.098197e+00 4.248120e+00 4.379504e+00 4.493891e+00 4.592912e+00 4.678263e+00 4.751636e+00 4.814602e+00 4.933809e+00 5.009649e+00 5.055578e+00 5.082638e+00 5.098598e+00 5.108205e+00 5.114039e+00 5.117237e+00
2.502217e-03 5.085429e-03 7.755772e-03 1.050993e-02 1.334964e-02 1.628062e-02 1.930125e-02 2.242052e-02 2.563034e-02 2.893463e-02 3.233703e-02 4.694891e-02 6.755683e-02 9.093253e-02 1.172219e-01 1.465353e-01 1.789877e-01 2.146485e-01 2.536100e-01 2.959198e-01 3.416576e-01 3.908114e-01 4.434097e-01 4.994111e-01 5.587286e-01 6.212886e-01 6.869741e-01 7.556708e-01 8.272239e-01 1.138594e+00 1.481501e+00 1.843877e+00 2.213941e+00 2.580292e+00 2.934044e+00 3.269898e+00 3.584447e+00 3.875023e+00 4.139718e+00 4.377669e+00 4.589561e+00 4.776895e+00 4.941355e+00 5.084755e+00 5.208991e+00 5.316028e+00 5.407872e+00 5.486498e+00 5.553734e+00 5.680533e+00 5.760964e+00 5.809554e+00 5.838097e+00 5.854881e+00 5.864952e+00 5.871050e+00 5.874392e+00
3.240849e-03 6.585006e-03 1.004060e-02 1.360328e-02 1.727534e-02 2.106371e-02 2.496597e-02 2.899378e-02 3.313664e-02 3.739958e-02 4.178702e-02 6.060559e-02 8.708539e-02 1.170357e-01 1.506124e-01 1.879266e-01 2.290938e-01 2.741710e-01 3.232424e-01 3.763350e-01 4.335102e-01 4.947209e-01 5.599634e-01 6.291513e-01 7.021492e-01 7.788344e-01 8.590406e-01 9.425965e-01 1.029295e+00 1.402993e+00 1.808844e+00 2.232645e+00 2.661080e+00 3.081540e+00 3.484425e+00 3.864254e+00 4.217690e+00 4.542207e+00 4.836123e+00 5.098886e+00 5.331603e+00 5.536241e+00 5.714939e+00 5.869952e+00 6.003589e+00 6.118223e+00 6.216239e+00 6.299928e+00 6.371360e+00 6.505760e+00 6.590736e+00 6.641888e+00 6.671841e+00 6.689408e+00 6.699935e+00 6.706321e+00 6.709864e+00
4.209198e-03 8.549876e-03 1.303247e-02 1.765128e-02 2.240918e-02 2.731447e-02 3.236368e-02 3.757158e-02 4.292457e-02 4.842909e-02 5.409032e-02 7.832761e-02 1.123174e-01 1.506113e-01 1.933691e-01 2.406941e-01 2.926920e-01 3.493951e-01 4.108668e-01 4.770970e-01 5.481127e-01 6.238142e-01 7.041494e-01 7.889712e-01 8.780827e-01 9.712983e-01 1.068393e+00 1.169126e+00 1.273232e+00 1.717655e+00 2.193775e+00 2.685321e+00 3.177453e+00 3.656336e+00 4.111683e+00 4.537894e+00 4.931778e+00 5.291070e+00 5.614463e+00 5.901881e+00 6.154993e+00 6.376345e+00 6.568655e+00 6.734740e+00 6.877413e+00 6.999464e+00 7.103598e+00 7.192342e+00 7.267951e+00 7.409791e+00 7.499105e+00 7.552700e+00 7.584033e+00 7.602426e+00 7.613545e+00 7.620467e+00 7.624476e+00
5.467364e-03 1.110046e-02 1.691269e-02 2.289634e-02 2.905506e-02 3.539858e-02 4.192210e-02 4.864406e-02 5.554698e-02 6.263901e-02 6.992607e-02 1.010498e-01 1.445150e-01 1.932574e-01 2.474301e-01 3.071136e-01 3.723872e-01 4.432392e-01 5.196921e-01 6.016781e-01 6.891693e-01 7.819957e-01 8.800402e-01 9.830817e-01 1.090851e+00 1.203088e+00 1.319504e+00 1.439783e+00 1.563596e+00 2.087240e+00 2.640985e+00 3.206448e+00 3.767211e+00 4.308209e+00 4.818515e+00 5.292528e+00 5.727401e+00 6.121360e+00 6.473684e+00 6.784970e+00 7.057653e+00 7.295041e+00 7.500502e+00 7.677385e+00 7.828935e+00 7.958286e+00 8.068419e+00 8.162082e+00 8.241715e+00 8.390650e+00 8.484158e+00 8.540262e+00 8.573297e+00 8.593102e+00 8.605475e+00 8.613505e+00 8.618375e+00
7.079541e-03 1.436568e-02 2.187527e-02 2.959816e-02 3.753871e-02 4.570838e-02 5.410061e-02 6.273812e-02 7.159887e-02 8.069274e-02 9.002660e-02 1.297845e-01 1.850454e-01 2.466932e-01 3.148550e-01 3.895652e-01 4.708524e-01 5.586354e-01 6.528730e-01 7.534203e-01 8.601759e-01 9.728853e-01 1.091355e+00 1.215278e+00 1.344307e+00 1.478103e+00 1.616309e+00 1.758530e+00 1.904377e+00 2.515752e+00 3.154223e+00 3.799187e+00 4.432609e+00 5.038230e+00 5.604680e+00 6.126663e+00 6.601981e+00 7.029644e+00 7.409857e+00 7.744136e+00 8.035731e+00 8.288648e+00 8.506849e+00 8.694181e+00 8.854290e+00 8.990644e+00 9.106503e+00 9.204856e+00 9.288345e+00 9.444277e+00 9.542474e+00 9.602464e+00 9.638925e+00 9.661563e+00 9.676344e+00 9.686459e+00 9.692911e+00
9.116386e-03 1.848743e-02 2.813373e-02 3.804231e-02 4.821818e-02 5.867470e-02 6.940324e-02 8.043105e-02 9.173082e-02 1.033142e-01 1.151890e-01 1.656180e-01 2.353423e-01 3.126762e-01 3.976928e-01 4.903522e-01 5.906053e-01 6.982782e-01 8.132487e-01 9.352791e-01 1.064181e+00 1.199604e+00 1.341268e+00 1.488777e+00 1.641699e+00 1.799609e+00 1.962080e+00 2.128633e+00 2.298808e+00 3.006060e+00 3.735556e+00 4.464368e+00 5.172919e+00 5.844058e+00 6.466382e+00 7.035321e+00 7.549800e+00 8.009999e+00 8.417121e+00 8.773517e+00 9.083219e+00 9.350945e+00 9.581252e+00 9.778477e+00 9.946684e+00 1.008969e+01 1.021107e+01 1.031407e+01 1.040157e+01 1.056631e+01 1.067309e+01 1.074086e+01 1.078382e+01 1.081188e+01 1.083108e+01 1.084465e+01 1.085336e+01
1.165209e-02 2.361400e-02 3.591038e-02 4.852471e-02 6.146259e-02 7.473912e-02 8.834326e-02 1.023069e-01 1.165967e-01 1.312262e-01 1.462037e-01 2.095987e-01 2.967443e-01 3.927940e-01 4.977399e-01 6.114422e-01 7.337526e-01 8.643877e-01 1.003130e+00 1.149634e+00 1.303611e+00 1.464606e+00 1.632245e+00 1.806029e+00 1.985440e+00 2.169957e+00 2.359076e+00 2.552222e+00 2.748862e+00 3.559111e+00 4.384349e+00 5.199453e+00 5.983718e+00 6.719626e+00 7.396385e+00 8.010728e+00 8.562927e+00 9.054289e+00 9.486985e+00 9.864252e+00 1.019096e+01 1.047257e+01 1.071423e+01 1.092082e+01 1.109686e+01 1.124662e+01 1.137416e+01 1.148327e+01 1.157714e+01 1.175883e+01 1.188206e+01 1.196457e+01 1.201962e+01 1.205677e+01 1.208260e+01 1.210082e+01 1.211238e+01
1.475509e-02 2.988105e-02 4.540678e-02 6.131141e-02 7.760109e-02 9.429236e-02 1.113714e-01 1.288748e-01 1.467625e-01 1.650497e-01 1.837449e-01 2.625965e-01 3.703267e-01 4.882901e-01 6.163770e-01 7.543294e-01 9.018780e-01 1.058611e+00 1.224196e+00 1.398166e+00 1.580117e+00 1.769480e+00 1.965773e+00 2.168389e+00 2.376708e+00 2.590103e+00 2.807982e+00 3.029663e+00 3.254529e+00 4.172993e+00 5.096467e+00 5.998158e+00 6.856944e+00 7.655777e+00 8.384980e+00 9.042719e+00 9.630644e+00 1.015125e+01 1.060777e+01 1.100444e+01 1.134700e+01 1.164169e+01 1.189439e+01 1.211082e+01 1.229639e+01 1.245607e+01 1.259431e+01 1.271493e+01 1.282098e+01 1.303469e+01 1.318891e+01 1.329693e+01 1.337042e+01 1.342023e+01 1.345463e+01 1.347859e+01 1.349361e+01
1.977277e-02 3.980039e-02 5.001955e-02 8.151162e-02 1.031967e-01 1.142448e-01 1.482210e-01 1.715693e-01 1.834549e-01 2.199641e-01 2.324191e-01 3.372603e-01 4.966878e-01 6.403288e-01 8.137359e-01 1.001429e+00 1.223918e+00 1.440152e+00 1.645578e+00 1.909794e+00 2.136060e+00 2.424064e+00 2.668362e+00 2.948060e+00 3.264628e+00 3.529653e+00 3.859735e+00 4.133919e+00 4.441900e+00 5.687679e+00 6.908704e+00 8.079098e+00 9.100444e+00 9.956399e+00 1.069141e+01 1.122840e+01 1.162517e+01 1.184921e+01 1.193158e+01 1.000000e+10 1.000000e+10 1.000000e+10 1.000000e+10 1.000000e+10 1.000000e+10 1.000000e+10 1.000000e+10 1.000000e+10 1.000000e+10 1.000000e+10 1.000000e+10 1.000000e+10 1.000000e+10 1.000000e+10 1.000000e+10 1.000000e+10 1.000000e+10
2.456194e-02 4.940932e-02 6.207369e-02 1.010422e-01 1.278261e-01 1.414572e-01 1.833158e-01 2.120290e-01 2.266299e-01 2.714145e-01 2.866707e-01 4.146753e-01 6.080362e-01 7.810996e-01 9.887777e-01 1.212213e+00 1.475467e+00 1.729838e+00 1.970276e+00 2.277940e+00 2.540111e+00 2.872211e+00 3.152593e+00 3.472206e+00 3.832259e+00 4.132379e+00 4.504584e+00 4.812473e+00 5.156982e+00 6.536987e+00 7.870174e+00 9.131485e+00 1.021959e+01 1.112269e+01 1.189222e+01 1.245145e+01 1.286328e+01 1.309534e+01 1.318060e+01 1.000000e+10 1.000000e+10 1.000000e+10 1.000000e+10 1.000000e+10 1.000000e+10 1.000000e+10 1.000000e+10 1.000000e+10 1.000000e+10 1.000000e+10 1.000000e+10 1.000000e+10 1.000000e+10 1.000000e+10 1.000000e+10 1.000000e+10 1.000000e+10
3.014157e-02 6.059355e-02 7.609664e-02 1.237260e-01 1.564013e-01 1.730122e-01 2.239461e-01 2.588207e-01 2.765352e-01 3.307907e-01 3.492466e-01 5.035936e-01 7.352022e-01 9.411320e-01 1.186779e+00 1.449482e+00 1.757145e+00 2.052711e+00 2.330675e+00 2.684519e+00 2.984530e+00 3.362703e+00 3.680462e+00 4.041085e+00 4.445410e+00 4.780950e+00 5.195298e+00 5.536623e+00 5.917077e+00 7.426565e+00 8.864564e+00 1.020825e+01 1.135511e+01 1.229863e+01 1.309738e+01 1.367552e+01 1.410073e+01 1.434168e+01 1.443145e+01 1.000000e+10 1.000000e+10 1.000000e+10 1.000000e+10 1.000000e+10 1.000000e+10 1.000000e+10 1.000000e+10 1.000000e+10 1.000000e+10 1.000000e+10 1.000000e+10 1.000000e+10 1.000000e+10 1.000000e+10 1.000000e+10 1.000000e+10 1.000000e+10
3.652437e-02 7.337558e-02 9.211462e-02 1.495955e-01 1.889544e-01 2.089408e-01 2.701330e-01 3.119544e-01 3.331741e-01 3.980698e-01 4.201133e-01 6.038617e-01 8.777642e-01 1.119696e+00 1.406575e+00 1.711540e+00 2.066543e+00 2.405605e+00 2.722845e+00 3.124576e+00 3.463466e+00 3.888541e+00 4.244003e+00 4.645643e+00 5.093842e+00 5.464182e+00 5.919584e+00 6.293199e+00 6.708079e+00 8.338960e+00 9.871990e+00 1.128818e+01 1.248532e+01 1.346268e+01 1.428619e+01 1.488335e+01 1.532833e+01 1.558673e+01 1.568591e+01 1.000000e+10 1.000000e+10 1.000000e+10 1.000000e+10 1.000000e+10 1.000000e+10 1.000000e+10 1.000000e+10 1.000000e+10 1.000000e+10 1.000000e+10 1.000000e+10 1.000000e+10 1.000000e+10 1.000000e+10 1.000000e+10 1.000000e+10 1.000000e+10
4.368785e-02 8.770684e-02 1.100645e-01 1.785373e-01 2.253330e-01 2.490691e-01 3.216320e-01 3.711325e-01 3.962206e-01 4.728336e-01 4.988192e-01 7.147212e-01 1.034424e+00 1.314955e+00 1.645624e+00 1.995033e+00 2.399310e+00 2.783176e+00 3.140498e+00 3.590632e+00 3.968451e+00 4.440064e+00 4.832598e+00 5.274221e+00 5.764775e+00 6.168396e+00 6.662685e+00 7.066594e+00 7.513485e+00 9.254782e+00 1.087154e+01 1.234972e+01 1.358878e+01 1.459594e+01 1.544850e+01 1.607772e+01 1.656047e+01 1.685246e+01 1.696986e+01 1.000000e+10 1.000000e+10 1.000000e+10 1.000000e+10 1.000000e+10 1.000000e+10 1.000000e+10 1.000000e+10 1.000000e+10 1.000000e+10 1.000000e+10 1.000000e+10 1.000000e+10 1.000000e+10 1.000000e+10 1.000000e+10 1.000000e+10 1.000000e+10
5.156388e-02 1.034468e-01 1.297673e-01 2.102489e-01 2.651454e-01 2.929586e-01 3.778560e-01 4.356625e-01 4.649276e-01 5.541638e-01 5.843870e-01 8.346795e-01 1.202873e+00 1.523842e+00 1.899935e+00 2.294965e+00 2.749280e+00 3.178175e+00 3.575409e+00 4.073279e+00 4.489118e+00 5.005734e+00 5.433760e+00 5.913292e+00 6.443578e+00 6.878101e+00 7.408139e+00 7.839624e+00 8.315390e+00 1.015424e+01 1.184265e+01 1.337279e+01 1.465107e+01 1.569645e+01 1.659877e+01 1.728801e+01 1.784240e+01 1.819414e+01 1.833961e+01 1.000000e+10 1.000000e+10 1.000000e+10 1.000000e+10 1.000000e+10 1.000000e+10 1.000000e+10 1.000000e+10 1.000000e+10 1.000000e+10 1.000000e+10 1.000000e+10 1.000000e+10 1.000000e+10 1.000000e+10 1.000000e+10 1.000000e+10 1.000000e+10
6.003029e-02 1.203476e-01 1.509106e-01 2.442169e-01 3.077385e-01 3.398850e-01 4.378613e-01 5.044495e-01 5.381232e-01 6.406525e-01 6.753279e-01 9.615726e-01 1.379931e+00 1.742284e+00 2.164392e+00 2.605160e+00 3.109101e+00 3.582167e+00 4.018165e+00 4.561905e+00 5.013889e+00 5.572828e+00 6.033870e+00 6.548311e+00 7.114778e+00 7.577152e+00 8.139084e+00 8.594931e+00 9.095975e+00 1.101843e+01 1.276758e+01 1.434801e+01 1.567795e+01 1.678804e+01 1.778177e+01 1.857762e+01 1.924322e+01 1.967412e+01 1.985341e+01 1.000000e+10 1.000000e+10 1.000000e+10 1.000000e+10 1.000000e+10 1.000000e+10 1.000000e+10 1.000000e+10 1.000000e+10 1.000000e+10 1.000000e+10 1.000000e+10 1.000000e+10 1.000000e+10 1.000000e+10 1.000000e+10 1.000000e+10 1.000000e+10
6.892596e-02 1.380860e-01 1.730888e-01 2.797844e-01 3.522844e-01 3.889337e-01 5.004688e-01 5.761347e-01 6.143578e-01 7.305730e-01 7.698219e-01 1.092811e+00 1.561904e+00 1.965650e+00 2.433303e+00 2.918838e+00 3.470783e+00 3.986071e+00 4.458721e+00 5.045339e+00 5.530722e+00 6.128326e+00 6.619192e+00 7.164833e+00 7.763265e+00 8.249972e+00 8.839475e+00 9.316176e+00 9.838703e+00 1.183271e+01 1.364088e+01 1.528601e+01 1.670135e+01 1.792612e+01 1.907164e+01 2.002094e+01 2.082831e+01 2.135608e+01 2.157844e+01 1.000000e+10 1.000000e+10 1.000000e+10 1.000000e+10 1.000000e+10 1.000000e+10 1.000000e+10 1.000000e+10 1.000000e+10 1.000000e+10 1.000000e+10 1.000000e+10 1.000000e+10 1.000000e+10 1.000000e+10 1.000000e+10 1.000000e+10 1.000000e+10
7.807101e-02 1.563025e-01 1.958519e-01 3.162267e-01 3.978723e-01 4.391004e-01 5.643899e-01 6.492374e-01 6.920538e-01 8.220545e-01 8.658994e-01 1.225618e+00 1.744858e+00 2.189040e+00 2.700681e+00 3.228938e+00 3.826114e+00 4.380681e+00 4.887031e+00 5.512593e+00 6.027939e+00 6.659801e+00 7.176765e+00 7.749409e+00 8.375230e+00 8.882677e+00 9.495711e+00 9.990382e+00 1.053176e+01 1.259450e+01 1.447583e+01 1.622505e+01 1.778664e+01 1.919427e+01 2.055247e+01 2.169862e+01 2.269038e+01 2.335272e+01 2.363645e+01 1.000000e+10 1.000000e+10 1.000000e+10 1.000000e+10 1.000000e+10 1.000000e+10 1.000000e+10 1.000000e+10 1.000000e+10 1.000000e+10 1.000000e+10 1.000000e+10 1.000000e+10 1.000000e+10 1.000000e+10 1.000000e+10 1.000000e+10 1.000000e+10
8.727557e-02 1.746175e-01 2.187246e-01 3.527767e-01 4.435377e-01 4.893204e-01 6.282571e-01 7.221854e-01 7.695361e-01 9.131103e-01 9.614690e-01 1.357057e+00 1.924696e+00 2.407414e+00 2.960470e+00 3.528430e+00 4.167067e+00 4.757133e+00 5.293549e+00 5.953389e+00 6.494786e+00 7.156165e+00 7.695527e+00 8.291411e+00 8.941086e+00 9.466967e+00 1.010156e+01 1.061335e+01 1.117354e+01 1.331750e+01 1.531096e+01 1.723033e+01 1.901339e+01 2.067157e+01 2.230847e+01 2.372103e+01 2.496948e+01 2.581335e+01 2.617395e+01 1.000000e+10 1.000000e+10 1.000000e+10 1.000000e+10 1.000000e+10 1.000000e+10 1.000000e+10 1.000000e+10 1.000000e+10 1.000000e+10 1.000000e+10 1.000000e+10 1.000000e+10 1.000000e+10 1.000000e+10 1.000000e+10 1.000000e+10 1.000000e+10
9.633888e-02 1.926307e-01 2.412058e-01 3.886301e-01 4.882726e-01 5.384841e-01 6.906548e-01 7.933594e-01 8.450833e-01 1.001715e+00 1.054404e+00 1.484198e+00 2.097407e+00 2.615914e+00 3.206915e+00 3.810724e+00 4.486233e+00 5.107443e+00 5.669996e+00 6.359512e+00 6.923511e+00 7.610758e+00 8.170102e+00 8.787262e+00 9.459662e+00 1.000402e+01 1.066163e+01 1.119307e+01 1.177647e+01 1.403711e+01 1.620497e+01 1.837499e+01 2.046369e+01 2.245841e+01 2.447023e+01 2.623460e+01 2.780073e+01 2.885275e+01 2.929670e+01 1.000000e+10 1.000000e+10 1.000000e+10 1.000000e+10 1.000000e+10 1.000000e+10 1.000000e+10 1.000000e+10 1.000000e+10 1.000000e+10 1.000000e+10 1.000000e+10 1.000000e+10 1.000000e+10 1.000000e+10 1.000000e+10 1.000000e+10 1.000000e+10
1.050632e-01 2.099492e-01 2.628056e-01 4.230058e-01 5.311034e-01 5.855217e-01 7.502271e-01 8.612140e-01 9.170561e-01 1.085947e+00 1.142690e+00 1.604293e+00 2.259275e+00 2.810085e+00 3.434867e+00 4.070226e+00 4.777968e+00 5.426398e+00 6.011934e+00 6.727912e+00 7.312549e+00 8.024286e+00 8.603511e+00 9.243127e+00 9.941356e+00 1.050827e+01 1.119586e+01 1.175428e+01 1.237073e+01 1.480470e+01 1.722644e+01 1.975063e+01 2.225899e+01 2.469744e+01 2.717902e+01 2.935763e+01 3.127719e+01 3.255119e+01 3.308212e+01 1.000000e+10 1.000000e+10 1.000000e+10 1.000000e+10 1.000000e+10 1.000000e+10 1.000000e+10 1.000000e+10 1.000000e+10 1.000000e+10 1.000000e+10 1.000000e+10 1.000000e+10 1.000000e+10 1.000000e+10 1.000000e+10 1.000000e+10 1.000000e+10
1.132634e-01 2.262057e-01 2.830657e-01 4.551754e-01 5.711225e-01 6.294370e-01 8.057134e-01 9.243147e-01 9.839338e-01 1.164031e+00 1.224469e+00 1.714860e+00 2.407150e+00 2.986508e+00 3.640999e+00 4.304129e+00 5.040507e+00 5.713608e+00 6.320608e+00 7.062458e+00 7.668470e+00 8.407279e+00 9.009982e+00 9.677686e+00 1.040997e+01 1.100777e+01 1.173748e+01 1.233441e+01 1.299839e+01 1.568140e+01 1.846117e+01 2.146991e+01 2.451687e+01 2.749439e+01 3.052181e+01 3.316107e+01 3.546140e+01 3.697089e+01 3.759422e+01 1.000000e+10 1.000000e+10 1.000000e+10 1.000000e+10 1.000000e+10 1.000000e+10 1.000000e+10 1.000000e+10 1.000000e+10 1.000000e+10 1.000000e+10 1.000000e+10 1.000000e+10 1.000000e+10 1.000000e+10 1.000000e+10 1.000000e+10 1.000000e+10
1.207766e-01 2.410810e-01 3.015913e-01 4.845265e-01 6.075830e-01 6.694190e-01 8.561261e-01 9.815701e-01 1.044577e+00 1.234706e+00 1.298442e+00 1.814441e+00 2.539721e+00 3.144321e+00 3.825330e+00 4.513827e+00 5.277454e+00 5.975343e+00 6.605139e+00 7.376156e+00 8.007665e+00 8.780424e+00 9.413804e+00 1.011931e+01 1.089849e+01 1.153948e+01 1.232877e+01 1.298064e+01 1.371284e+01 1.674882e+01 2.000745e+01 2.361976e+01 2.730303e+01 3.090053e+01 3.453914e+01 3.768140e+01 4.039324e+01 4.215750e+01 4.288174e+01 1.000000e+10 1.000000e+10 1.000000e+10 1.000000e+10 1.000000e+10 1.000000e+10 1.000000e+10 1.000000e+10 1.000000e+10 1.000000e+10 1.000000e+10 1.000000e+10 1.000000e+10 1.000000e+10 1.000000e+10 1.000000e+10 1.000000e+10 1.000000e+10
1.275382e-01 2.544577e-01 3.182427e-01 5.108722e-01 6.402822e-01 7.052617e-01 9.012683e-01 1.032804e+00 1.098826e+00 1.297873e+00 1.364542e+00 1.903314e+00 2.658189e+00 3.285978e+00 3.992311e+00 4.706323e+00 5.499035e+00 6.224940e+00 6.881760e+00 7.688925e+00 8.353241e+00 9.171059e+00 9.846206e+00 1.060421e+01 1.144964e+01 1.215230e+01 1.302703e+01 1.375751e+01 1.458645e+01 1.809596e+01 2.194184e+01 2.625426e+01 3.065639e+01 3.494516e+01 3.925696e+01 4.294960e+01 4.611290e+01 4.815884e+01 4.899597e+01 1.000000e+10 1.000000e+10 1.000000e+10 1.000000e+10 1.000000e+10 1.000000e+10 1.000000e+10 1.000000e+10 1.000000e+10 1.000000e+10 1.000000e+10 1.000000e+10 1.000000e+10 1.000000e+10 1.000000e+10 1.000000e+10 1.000000e+10 1.000000e+10
1.335847e-01 2.664188e-01 3.331312e-01 5.344308e-01 6.695303e-01 7.373283e-01 9.416900e-01 1.078717e+00 1.147462e+00 1.354596e+00 1.423935e+00 1.983686e+00 2.766768e+00 3.417734e+00 4.150703e+00 4.893013e+00 5.719670e+00 6.479827e+00 7.170993e+00 8.025838e+00 8.734810e+00 9.615404e+00 1.034954e+01 1.118193e+01 1.212065e+01 1.290912e+01 1.390085e+01 1.473693e+01 1.569332e+01 1.979196e+01 2.432243e+01 2.942055e+01 3.461803e+01 3.966928e+01 4.472395e+01 4.902660e+01 5.269451e+01 5.505879e+01 5.602519e+01 1.000000e+10 1.000000e+10 1.000000e+10 1.000000e+10 1.000000e+10 1.000000e+10 1.000000e+10 1.000000e+10 1.000000e+10 1.000000e+10 1.000000e+10 1.000000e+10 1.000000e+10 1.000000e+10 1.000000e+10 1.000000e+10 1.000000e+10 1.000000e+10
1.391026e-01 2.773526e-01 3.467537e-01 5.560522e-01 6.964340e-01 7.668595e-01 9.790582e-01 1.121278e+00 1.192612e+00 1.407494e+00 1.479411e+00 2.059834e+00 2.872057e+00 3.548254e+00 4.311654e+00 5.087927e+00 5.957436e+00 6.762814e+00 7.500743e+00 8.421776e+00 9.193145e+00 1.016100e+01 1.097601e+01 1.190856e+01 1.297019e+01 1.386956e+01 1.500998e+01 1.597818e+01 1.709169e+01 2.189026e+01 2.720124e+01 3.317156e+01 3.924821e+01 4.514567e+01 5.103037e+01 5.602106e+01 6.026471e+01 6.299684e+01 6.411471e+01 1.000000e+10 1.000000e+10 1.000000e+10 1.000000e+10 1.000000e+10 1.000000e+10 1.000000e+10 1.000000e+10 1.000000e+10 1.000000e+10 1.000000e+10 1.000000e+10 1.000000e+10 1.000000e+10 1.000000e+10 1.000000e+10 1.000000e+10 1.000000e+10
1.443534e-01 2.877851e-01 3.597720e-01 5.768211e-01 7.223740e-01 7.953891e-01 1.015384e+00 1.162833e+00 1.236794e+00 1.459618e+00 1.534206e+00 2.136570e+00 2.981401e+00 3.687464e+00 4.488804e+00 5.309417e+00 6.236694e+00 7.103901e+00 7.905776e+00 8.916510e+00 9.771259e+00 1.085364e+01 1.177277e+01 1.283200e+01 1.404630e+01 1.508142e+01 1.640149e+01 1.752734e+01 1.882631e+01 2.443288e+01 3.062320e+01 3.756390e+01 4.462227e+01 5.147203e+01 5.830009e+01 6.408221e+01 6.899709e+01 7.216475e+01 7.346505e+01 1.000000e+10 1.000000e+10 1.000000e+10 1.000000e+10 1.000000e+10 1.000000e+10 1.000000e+10 1.000000e+10 1.000000e+10 1.000000e+10 1.000000e+10 1.000000e+10 1.000000e+10 1.000000e+10 1.000000e+10 1.000000e+10 1.000000e+10 1.000000e+10
1.496378e-01 2.983283e-01 3.729609e-01 5.980312e-01 7.490151e-01 8.247752e-01 1.053140e+00 1.206293e+00 1.283147e+00 1.514835e+00 1.592442e+00 2.220329e+00 3.105164e+00 3.849506e+00 4.700828e+00 5.580553e+00 6.584721e+00 7.533517e+00 8.418911e+00 9.545275e+00 1.050592e+01 1.173135e+01 1.277832e+01 1.399082e+01 1.538718e+01 1.658230e+01 1.811194e+01 1.942007e+01 2.093193e+01 2.745502e+01 3.463233e+01 4.266406e+01 5.083548e+01 5.877549e+01 6.669625e+01 7.340882e+01 7.912703e+01 8.282682e+01 8.435477e+01 1.000000e+10 1.000000e+10 1.000000e+10 1.000000e+10 1.000000e+10 1.000000e+10 1.000000e+10 1.000000e+10 1.000000e+10 1.000000e+10 1.000000e+10 1.000000e+10 1.000000e+10 1.000000e+10 1.000000e+10 1.000000e+10 1.000000e+10 1.000000e+10
1.554555e-01 3.099999e-01 3.876070e-01 6.218176e-01 7.790956e-01 8.580687e-01 1.096354e+00 1.256367e+00 1.336729e+00 1.579267e+00 1.660605e+00 2.320544e+00 3.256765e+00 4.050849e+00 4.967259e+00 5.923644e+00 7.026707e+00 8.079333e+00 9.069743e+00 1.033930e+01 1.142899e+01 1.282599e+01 1.402428e+01 1.541630e+01 1.702400e+01 1.840347e+01 2.017299e+01 2.168860e+01 2.344165e+01 3.099676e+01 3.929072e+01 4.856776e+01 5.802309e+01 6.723517e+01 7.645053e+01 8.428802e+01 9.100043e+01 9.537514e+01 9.719816e+01 1.000000e+10 1.000000e+10 1.000000e+10 1.000000e+10 1.000000e+10 1.000000e+10 1.000000e+10 1.000000e+10 1.000000e+10 1.000000e+10 1.000000e+10 1.000000e+10 1.000000e+10 1.000000e+10 1.000000e+10 1.000000e+10 1.000000e+10 1.000000e+10
1.624227e-01 3.240184e-01 4.052283e-01 6.505923e-01 8.156193e-01 8.985674e-01 1.149195e+00 1.317793e+00 1.402560e+00 1.658766e+00 1.744816e+00 2.445465e+00 3.447410e+00 4.305262e+00 5.304834e+00 6.358428e+00 7.585462e+00 8.766347e+00 9.884483e+00 1.132536e+01 1.256718e+01 1.416425e+01 1.553760e+01 1.713610e+01 1.898544e+01 2.057453e+01 2.261537e+01 2.436458e+01 2.638843e+01 3.510691e+01 4.468058e+01 5.540265e+01 6.636745e+01 7.709854e+01 8.789265e+01 9.713758e+01 1.051266e+02 1.103885e+02 1.126061e+02 1.000000e+10 1.000000e+10 1.000000e+10 1.000000e+10 1.000000e+10 1.000000e+10 1.000000e+10 1.000000e+10 1.000000e+10 1.000000e+10 1.000000e+10 1.000000e+10 1.000000e+10 1.000000e+10 1.000000e+10 1.000000e+10 1.000000e+10 1.000000e+10
1.709530e-01 3.412030e-01 4.268485e-01 6.859965e-01 8.606422e-01 9.485365e-01 1.214565e+00 1.393913e+00 1.484201e+00 1.757586e+00 1.849569e+00 2.601646e+00 3.686911e+00 4.625398e+00 5.729274e+00 6.903316e+00 8.281603e+00 9.616324e+00 1.088539e+01 1.252619e+01 1.394394e+01 1.577092e+01 1.734440e+01 1.917783e+01 2.130079e+01 2.312636e+01 2.547250e+01 2.748435e+01 2.981282e+01 3.985544e+01 5.091784e+01 6.334794e+01 7.612915e+01 8.872786e+01 1.015144e+02 1.125843e+02 1.222665e+02 1.287232e+02 1.314758e+02 1.000000e+10 1.000000e+10 1.000000e+10 1.000000e+10 1.000000e+10 1.000000e+10 1.000000e+10 1.000000e+10 1.000000e+10 1.000000e+10 1.000000e+10 1.000000e+10 1.000000e+10 1.000000e+10 1.000000e+10 1.000000e+10 1.000000e+10 1.000000e+10
1.814683e-01 3.624095e-01 4.535478e-01 7.298095e-01 9.164267e-01 1.010484e+00 1.295731e+00 1.488510e+00 1.585704e+00 1.880587e+00 1.980002e+00 2.796530e+00 3.985955e+00 5.024348e+00 6.255747e+00 7.574787e+00 9.132323e+00 1.064691e+01 1.209087e+01 1.396186e+01 1.558122e+01 1.767052e+01 1.947142e+01 2.157116e+01 2.400402e+01 2.609744e+01 2.878956e+01 3.109949e+01 3.377453e+01 4.534624e+01 5.817129e+01 7.266641e+01 8.769814e+01 1.026728e+02 1.180617e+02 1.315651e+02 1.435301e+02 1.516006e+02 1.550721e+02 1.000000e+10 1.000000e+10 1.000000e+10 1.000000e+10 1.000000e+10 1.000000e+10 1.000000e+10 1.000000e+10 1.000000e+10 1.000000e+10 1.000000e+10 1.000000e+10 1.000000e+10 1.000000e+10 1.000000e+10 1.000000e+10 1.000000e+10 1.000000e+10
1.944916e-01 3.886879e-01 4.866442e-01 7.841652e-01 9.856593e-01 1.087375e+00 1.396499e+00 1.605961e+00 1.711731e+00 2.033292e+00 2.141921e+00 3.038127e+00 4.355029e+00 5.513939e+00 6.896974e+00 8.386117e+00 1.015160e+01 1.187333e+01 1.351784e+01 1.565180e+01 1.750074e+01 1.988821e+01 2.194768e+01 2.435073e+01 2.713759e+01 2.953774e+01 3.262700e+01 3.528014e+01 3.835576e+01 5.172547e+01 6.668377e+01 8.374851e+01 1.016637e+02 1.197596e+02 1.386267e+02 1.554056e+02 1.704352e+02 1.806512e+02 1.850657e+02 1.000000e+10 1.000000e+10 1.000000e+10 1.000000e+10 1.000000e+10 1.000000e+10 1.000000e+10 1.000000e+10 1.000000e+10 1.000000e+10 1.000000e+10 1.000000e+10 1.000000e+10 1.000000e+10 1.000000e+10 1.000000e+10 1.000000e+10 1.000000e+10
2.106005e-01 4.211895e-01 5.275764e-01 8.513666e-01 1.071221e+00 1.182380e+00 1.520905e+00 1.750867e+00 1.867161e+00 2.221393e+00 2.341281e+00 3.334250e+00 4.803710e+00 6.104716e+00 7.664494e+00 9.350171e+00 1.135448e+01 1.331313e+01 1.518635e+01 1.761971e+01 1.973016e+01 2.245823e+01 2.481428e+01 2.756677e+01 3.076348e+01 3.352030e+01 3.707322e+01 4.012893e+01 4.367686e+01 5.921000e+01 7.682416e+01 9.719150e+01 1.189091e+02 1.411815e+02 1.647200e+02 1.858708e+02 2.049341e+02 2.179221e+02 2.235313e+02 1.000000e+10 1.000000e+10 1.000000e+10 1.000000e+10 1.000000e+10 1.000000e+10 1.000000e+10 1.000000e+10 1.000000e+10 1.000000e+10 1.000000e+10 1.000000e+10 1.000000e+10 1.000000e+10 1.000000e+10 1.000000e+10 1.000000e+10 1.000000e+10
2.303399e-01 4.609904e-01 5.776829e-01 9.335262e-01 1.175729e+00 1.298367e+00 1.672542e+00 1.927284e+00 2.056270e+00 2.449788e+00 2.583173e+00 3.691281e+00 5.339703e+00 6.805568e+00 8.568995e+00 1.047999e+01 1.275697e+01 1.498548e+01 1.711934e+01 1.989504e+01 2.230607e+01 2.542800e+01 2.812919e+01 3.129081e+01 3.497068e+01 3.815050e+01 4.225663e+01 4.579583e+01 4.991503e+01 6.812760e+01 8.915210e+01 1.138767e+02 1.406830e+02 1.685540e+02 1.982954e+02 2.251482e+02 2.493555e+02 2.657925e+02 2.728543e+02 1.000000e+10 1.000000e+10 1.000000e+10 1.000000e+10 1.000000e+10 1.000000e+10 1.000000e+10 1.000000e+10 1.000000e+10 1.000000e+10 1.000000e+10 1.000000e+10 1.000000e+10 1.000000e+10 1.000000e+10 1.000000e+10 1.000000e+10 1.000000e+10
2.541620e-01 5.089767e-01 6.380582e-01 1.032327e+00 1.301223e+00 1.437535e+00 1.854046e+00 2.138088e+00 2.282045e+00 2.721751e+00 2.870954e+00 4.113216e+00 5.968468e+00 7.623900e+00 9.620486e+00 1.178854e+01 1.437617e+01 1.691298e+01 1.934642e+01 2.251865e+01 2.528062e+01 2.886616e+01 3.197694e+01 3.562788e+01 3.989064e+01 4.358489e+01 4.836916e+01 5.250606e+01 5.733739e+01 7.897208e+01 1.044857e+02 1.350358e+02 1.686465e+02 2.039143e+02 2.416821e+02 2.757245e+02 3.062429e+02 3.267985e+02 3.355532e+02 1.000000e+10 1.000000e+10 1.000000e+10 1.000000e+10 1.000000e+10 1.000000e+10 1.000000e+10 1.000000e+10 1.000000e+10 1.000000e+10 1.000000e+10 1.000000e+10 1.000000e+10 1.000000e+10 1.000000e+10 1.000000e+10 1.000000e+10 1.000000e+10
2.824696e-01 5.659211e-01 7.096427e-01 1.149149e+00 1.449326e+00 1.601623e+00 2.067456e+00 2.385521e+00 2.546832e+00 3.039979e+00 3.207457e+00 4.604352e+00 6.697454e+00 8.570374e+00 1.083386e+01 1.329635e+01 1.624150e+01 1.913610e+01 2.192035e+01 2.556133e+01 2.874208e+01 3.288616e+01 3.649517e+01 4.074685e+01 4.573247e+01 5.007057e+01 5.571122e+01 6.060955e+01 6.635557e+01 9.247333e+01 1.239752e+02 1.622969e+02 2.048527e+02 2.496258e+02 2.974245e+02 3.401888e+02 3.781413e+02 4.034110e+02 4.140549e+02 1.000000e+10 1.000000e+10 1.000000e+10 1.000000e+10 1.000000e+10 1.000000e+10 1.000000e+10 1.000000e+10 1.000000e+10 1.000000e+10 1.000000e+10 1.000000e+10 1.000000e+10 1.000000e+10 1.000000e+10 1.000000e+10 1.000000e+10 1.000000e+10
3.154818e-01 6.322594e-01 7.929887e-01 1.284946e+00 1.621314e+00 1.792079e+00 2.314826e+00 2.672101e+00 2.853402e+00 3.408074e+00 3.596582e+00 5.171349e+00 7.538035e+00 9.661283e+00 1.223291e+01 1.503772e+01 1.840274e+01 2.172230e+01 2.492742e+01 2.913675e+01 3.283055e+01 3.766609e+01 4.189828e+01 4.690855e+01 5.281615e+01 5.798270e+01 6.473421e+01 7.062759e+01 7.757638e+01 1.096550e+02 1.491279e+02 1.976360e+02 2.516213e+02 3.081906e+02 3.680513e+02 4.209704e+02 4.673139e+02 4.977518e+02 5.104160e+02 1.000000e+10 1.000000e+10 1.000000e+10 1.000000e+10 1.000000e+10 1.000000e+10 1.000000e+10 1.000000e+10 1.000000e+10 1.000000e+10 1.000000e+10 1.000000e+10 1.000000e+10 1.000000e+10 1.000000e+10 1.000000e+10 1.000000e+10 1.000000e+10
3.535221e-01 7.086975e-01 8.890273e-01 1.441460e+00 1.819562e+00 2.011619e+00 2.599970e+00 3.002433e+00 3.206770e+00 3.832343e+00 4.045088e+00 5.824961e+00 8.508060e+00 1.092263e+01 1.385621e+01 1.706791e+01 2.093873e+01 2.477677e+01 2.850092e+01 3.341877e+01 3.775877e+01 4.347397e+01 4.850662e+01 5.449947e+01 6.161116e+01 6.786688e+01 7.608663e+01 8.330032e+01 9.184880e+01 1.318476e+02 1.817555e+02 2.432498e+02 3.113427e+02 3.819926e+02 4.557667e+02 5.200195e+02 5.754469e+02 6.113230e+02 6.260617e+02 1.000000e+10 1.000000e+10 1.000000e+10 1.000000e+10 1.000000e+10 1.000000e+10 1.000000e+10 1.000000e+10 1.000000e+10 1.000000e+10 1.000000e+10 1.000000e+10 1.000000e+10 1.000000e+10 1.000000e+10 1.000000e+10 1.000000e+10 1.000000e+10
3.974995e-01 7.971070e-01 1.000139e+00 1.622705e+00 2.049245e+00 2.266013e+00 2.930498e+00 3.385412e+00 3.616496e+00 4.324432e+00 4.565353e+00 6.584251e+00 9.639021e+00 1.239983e+01 1.576937e+01 1.947815e+01 2.397562e+01 2.846406e+01 3.284586e+01 3.867035e+01 4.384464e+01 5.070486e+01 5.678677e+01 6.407446e+01 7.277953e+01 8.047991e+01 9.064862e+01 9.961384e+01 1.102805e+02 1.606514e+02 2.238651e+02 3.013599e+02 3.861998e+02 4.729780e+02 5.621517e+02 6.385479e+02 7.034181e+02 7.447898e+02 7.615743e+02 1.000000e+10 1.000000e+10 1.000000e+10 1.000000e+10 1.000000e+10 1.000000e+10 1.000000e+10 1.000000e+10 1.000000e+10 1.000000e+10 1.000000e+10 1.000000e+10 1.000000e+10 1.000000e+10 1.000000e+10 1.000000e+10 1.000000e+10 1.000000e+10
4.489021e-01 9.005016e-01 1.130125e+00 1.834960e+00 2.318393e+00 2.564202e+00 3.318243e+00 3.834947e+00 4.097573e+00 4.902807e+00 5.177073e+00 7.480281e+00 1.098261e+01 1.416643e+01 1.807612e+01 2.240925e+01 2.770385e+01 3.302848e+01 3.826263e+01 4.527044e+01 5.153969e+01 5.990887e+01 6.737721e+01 7.637759e+01 8.718918e+01 9.679587e+01 1.095279e+02 1.207865e+02 1.342121e+02 1.978388e+02 2.774648e+02 3.739315e+02 4.778697e+02 5.823887e+02 6.879273e+02 7.768168e+02 8.511160e+02 8.978238e+02 9.165472e+02 1.000000e+10 1.000000e+10 1.000000e+10 1.000000e+10 1.000000e+10 1.000000e+10 1.000000e+10 1.000000e+10 1.000000e+10 1.000000e+10 1.000000e+10 1.000000e+10 1.000000e+10 1.000000e+10 1.000000e+10 1.000000e+10 1.000000e+10 1.000000e+10
5.099018e-01 1.023302e+00 1.284577e+00 2.087519e+00 2.638969e+00 2.919550e+00 3.781080e+00 4.372179e+00 4.672857e+00 5.595791e+00 5.910507e+00 8.560885e+00 1.261738e+01 1.633247e+01 2.092920e+01 2.606533e+01 3.239465e+01 3.881202e+01 4.516473e+01 5.372986e+01 6.144211e+01 7.179956e+01 8.109189e+01 9.233883e+01 1.059006e+02 1.179819e+02 1.340188e+02 1.482118e+02 1.651392e+02 2.451789e+02 3.443117e+02 4.624140e+02 5.872776e+02 7.105351e+02 8.327775e+02 9.340207e+02 1.017373e+03 1.069062e+03 1.089549e+03 1.000000e+10 1.000000e+10 1.000000e+10 1.000000e+10 1.000000e+10 1.000000e+10 1.000000e+10 1.000000e+10 1.000000e+10 1.000000e+10 1.000000e+10 1.000000e+10 1.000000e+10 1.000000e+10 1.000000e+10 1.000000e+10 1.000000e+10 1.000000e+10
5.838242e-01 1.172284e+00 1.472068e+00 2.394660e+00 3.029344e+00 3.352578e+00 4.346384e+00 5.029396e+00 5.377197e+00 6.446348e+00 6.811466e+00 9.897363e+00 1.465800e+01 1.905592e+01 2.454334e+01 3.072736e+01 3.841280e+01 4.626540e+01 5.408780e+01 6.469656e+01 7.429714e+01 8.724526e+01 9.890093e+01 1.130399e+02 1.301127e+02 1.453260e+02 1.655059e+02 1.833410e+02 2.045718e+02 3.042294e+02 4.256850e+02 5.675018e+02 7.143947e+02 8.566774e+02 9.953181e+02 1.108310e+03 1.200012e+03 1.256156e+03 1.278178e+03 1.000000e+10 1.000000e+10 1.000000e+10 1.000000e+10 1.000000e+10 1.000000e+10 1.000000e+10 1.000000e+10 1.000000e+10 1.000000e+10 1.000000e+10 1.000000e+10 1.000000e+10 1.000000e+10 1.000000e+10 1.000000e+10 1.000000e+10 1.000000e+10
6.757008e-01 1.357677e+00 1.705527e+00 2.777845e+00 3.517044e+00 3.893961e+00 5.054756e+00 5.854220e+00 6.261847e+00 7.517116e+00 7.946550e+00 1.159106e+01 1.726288e+01 2.255039e+01 2.920281e+01 3.675983e+01 4.622114e+01 5.594861e+01 6.568392e+01 7.893849e+01 9.096789e+01 1.072222e+02 1.218677e+02 1.396320e+02 1.610594e+02 1.801159e+02 2.053239e+02 2.275295e+02 2.538688e+02 3.761293e+02 5.221550e+02 6.889688e+02 8.581738e+02 1.019043e+03 1.173161e+03 1.296877e+03 1.395953e+03 1.455901e+03 1.479190e+03 1.000000e+10 1.000000e+10 1.000000e+10 1.000000e+10 1.000000e+10 1.000000e+10 1.000000e+10 1.000000e+10 1.000000e+10 1.000000e+10 1.000000e+10 1.000000e+10 1.000000e+10 1.000000e+10 1.000000e+10 1.000000e+10 1.000000e+10 1.000000e+10
7.925346e-01 1.593649e+00 2.002823e+00 3.266521e+00 4.139648e+00 4.585470e+00 5.961060e+00 6.910677e+00 7.395550e+00 8.891537e+00 9.404285e+00 1.377461e+01 2.063556e+01 2.708610e+01 3.526023e+01 4.460496e+01 5.636634e+01 6.850611e+01 8.068549e+01 9.729195e+01 1.123697e+02 1.327314e+02 1.510514e+02 1.732236e+02 1.998807e+02 2.234978e+02 2.545994e+02 2.818651e+02 3.140495e+02 4.613864e+02 6.334457e+02 8.256243e+02 1.016575e+03 1.194897e+03 1.363035e+03 1.496124e+03 1.601406e+03 1.664422e+03 1.688688e+03 1.000000e+10 1.000000e+10 1.000000e+10 1.000000e+10 1.000000e+10 1.000000e+10 1.000000e+10 1.000000e+10 1.000000e+10 1.000000e+10 1.000000e+10 1.000000e+10 1.000000e+10 1.000000e+10 1.000000e+10 1.000000e+10 1.000000e+10 1.000000e+10
9.432681e-01 1.898259e+00 2.386707e+00 3.898071e+00 4.944755e+00 5.479955e+00 7.134464e+00 8.279294e+00 8.864652e+00 1.067399e+01 1.129525e+01 1.661156e+01 2.502158e+01 3.298240e+01 4.312214e+01 5.475952e+01 6.944437e+01 8.462050e+01 9.984738e+01 1.205886e+02 1.393843e+02 1.646955e+02 1.873884e+02 2.147431e+02 2.474662e+02 2.763053e+02 3.140686e+02 3.469818e+02 3.856123e+02 5.597585e+02 7.583826e+02 9.753303e+02 1.186659e+03 1.380716e+03 1.561006e+03 1.701876e+03 1.812068e+03 1.877376e+03 1.902324e+03 1.000000e+10 1.000000e+10 1.000000e+10 1.000000e+10 1.000000e+10 1.000000e+10 1.000000e+10 1.000000e+10 1.000000e+10 1.000000e+10 1.000000e+10 1.000000e+10 1.000000e+10 1.000000e+10 1.000000e+10 1.000000e+10 1.000000e+10 1.000000e+10
1.138764e+00 2.293370e+00 2.884681e+00 4.717437e+00 5.989374e+00 6.640587e+00 8.657135e+00 1.005532e+01 1.077107e+01 1.298689e+01 1.374885e+01 2.028989e+01 3.069594e+01 4.058906e+01 5.322206e+01 6.773810e+01 8.605113e+01 1.049499e+02 1.238704e+02 1.495598e+02 1.727477e+02 2.038285e+02 2.315511e+02 2.647911e+02 3.043072e+02 3.389170e+02 3.839450e+02 4.229366e+02 4.684204e+02 6.701839e+02 8.949065e+02 1.135127e+03 1.364795e+03 1.572410e+03 1.762684e+03 1.909609e+03 2.023368e+03 2.090663e+03 2.119016e+03 1.000000e+10 1.000000e+10 1.000000e+10 1.000000e+10 1.000000e+10 1.000000e+10 1.000000e+10 1.000000e+10 1.000000e+10 1.000000e+10 1.000000e+10 1.000000e+10 1.000000e+10 1.000000e+10 1.000000e+10 1.000000e+10 1.000000e+10 1.000000e+10
1.391293e+00 2.803604e+00 3.527655e+00 5.774858e+00 7.336994e+00 8.137581e+00 1.061988e+01 1.234361e+01 1.322677e+01 1.596384e+01 1.690602e+01 2.501063e+01 3.794449e+01 5.025988e+01 6.598352e+01 8.402305e+01 1.067155e+02 1.300450e+02 1.533055e+02 1.847297e+02 2.129384e+02 2.505227e+02 2.838358e+02 3.235305e+02 3.703883e+02 4.111495e+02 4.638166e+02 5.091147e+02 5.616207e+02 7.907982e+02 1.040212e+03 1.301434e+03 1.546864e+03 1.765547e+03 1.963485e+03 2.116627e+03 2.256387e+03 2.358208e+03 2.403667e+03 1.000000e+10 1.000000e+10 1.000000e+10 1.000000e+10 1.000000e+10 1.000000e+10 1.000000e+10 1.000000e+10 1.000000e+10 1.000000e+10 1.000000e+10 1.000000e+10 1.000000e+10 1.000000e+10 1.000000e+10 1.000000e+10 1.000000e+10 1.000000e+10
1.713897e+00 3.455032e+00 4.348298e+00 7.123079e+00 9.053960e+00 1.004414e+01 1.311663e+01 1.525203e+01 1.634661e+01 1.974077e+01 2.090969e+01 3.097236e+01 4.703762e+01 6.231565e+01 8.176959e+01 1.040015e+02 1.318259e+02 1.602689e+02 1.884695e+02 2.263260e+02 2.600838e+02 3.047505e+02 3.440629e+02 3.905897e+02 4.451032e+02 4.921897e+02 5.526038e+02 6.042115e+02 6.636547e+02 9.190567e+02 1.190913e+03 1.470250e+03 1.728517e+03 1.956609e+03 2.203164e+03 2.451381e+03 2.687084e+03 2.847640e+03 2.914949e+03 1.000000e+10 1.000000e+10 1.000000e+10 1.000000e+10 1.000000e+10 1.000000e+10 1.000000e+10 1.000000e+10 1.000000e+10 1.000000e+10 1.000000e+10 1.000000e+10 1.000000e+10 1.000000e+10 1.000000e+10 1.000000e+10 1.000000e+10 1.000000e+10
2.119367e+00 4.273087e+00 5.378374e+00 8.812873e+00 1.120366e+01 1.242993e+01 1.623569e+01 1.888112e+01 2.023718e+01 2.444202e+01 2.589002e+01 3.834851e+01 5.819614e+01 7.700138e+01 1.008322e+02 1.279068e+02 1.615622e+02 1.957202e+02 2.293612e+02 2.741930e+02 3.138775e+02 3.659948e+02 4.115247e+02 4.650334e+02 5.272522e+02 5.806141e+02 6.486061e+02 7.062995e+02 7.723457e+02 1.051869e+03 1.343255e+03 1.637411e+03 1.940425e+03 2.317921e+03 2.762586e+03 3.169818e+03 3.523442e+03 3.748142e+03 3.837794e+03 1.000000e+10 1.000000e+10 1.000000e+10 1.000000e+10 1.000000e+10 1.000000e+10 1.000000e+10 1.000000e+10 1.000000e+10 1.000000e+10 1.000000e+10 1.000000e+10 1.000000e+10 1.000000e+10 1.000000e+10 1.000000e+10 1.000000e+10 1.000000e+10
2.618827e+00 5.279711e+00 6.645166e+00 1.088719e+01 1.383915e+01 1.535292e+01 2.004923e+01 2.331198e+01 2.498387e+01 3.016513e+01 3.194830e+01 4.726499e+01 7.155963e+01 9.444573e+01 1.232603e+02 1.557578e+02 1.958298e+02 2.361706e+02 2.756081e+02 3.277544e+02 3.735570e+02 4.332468e+02 4.849985e+02 5.453931e+02 6.150909e+02 6.744528e+02 7.495826e+02 8.129236e+02 8.850121e+02 1.185820e+03 1.497104e+03 1.939347e+03 2.537300e+03 3.202041e+03 3.894877e+03 4.475367e+03 4.948005e+03 5.234120e+03 5.344386e+03 1.000000e+10 1.000000e+10 1.000000e+10 1.000000e+10 1.000000e+10 1.000000e+10 1.000000e+10 1.000000e+10 1.000000e+10 1.000000e+10 1.000000e+10 1.000000e+10 1.000000e+10 1.000000e+10 1.000000e+10 1.000000e+10 1.000000e+10 1.000000e+10
3.220456e+00 6.490792e+00 8.168240e+00 1.337584e+01 1.699632e+01 1.885179e+01 2.460323e+01 2.859449e+01 3.063820e+01 3.696526e+01 3.914047e+01 5.777513e+01 8.714989e+01 1.146184e+02 1.489368e+02 1.873194e+02 2.342304e+02 2.810445e+02 3.264550e+02 3.860149e+02 4.379177e+02 5.050355e+02 5.627924e+02 6.297327e+02 7.064228e+02 7.713065e+02 8.529019e+02 9.212771e+02 9.986679e+02 1.347056e+03 1.953320e+03 2.842846e+03 3.844701e+03 4.830284e+03 5.775424e+03 6.521728e+03 7.103339e+03 7.443692e+03 7.571652e+03 1.000000e+10 1.000000e+10 1.000000e+10 1.000000e+10 1.000000e+10 1.000000e+10 1.000000e+10 1.000000e+10 1.000000e+10 1.000000e+10 1.000000e+10 1.000000e+10 1.000000e+10 1.000000e+10 1.000000e+10 1.000000e+10 1.000000e+10 1.000000e+10
3.927651e+00 7.912452e+00 9.954777e+00 1.628793e+01 2.068442e+01 2.293552e+01 2.990429e+01 3.473243e+01 3.720214e+01 4.483731e+01 4.745854e+01 6.983759e+01 1.048486e+02 1.373098e+02 1.775203e+02 2.220893e+02 2.760543e+02 3.294222e+02 3.807806e+02 4.475965e+02 5.053694e+02 5.795152e+02 6.428582e+02 7.157894e+02 7.987634e+02 8.685216e+02 9.599248e+02 1.053041e+03 1.182956e+03 1.996193e+03 3.188740e+03 4.616886e+03 6.040930e+03 7.337624e+03 8.515000e+03 9.407806e+03 1.008244e+04 1.046767e+04 1.060987e+04 1.000000e+10 1.000000e+10 1.000000e+10 1.000000e+10 1.000000e+10 1.000000e+10 1.000000e+10 1.000000e+10 1.000000e+10 1.000000e+10 1.000000e+10 1.000000e+10 1.000000e+10 1.000000e+10 1.000000e+10 1.000000e+10 1.000000e+10 1.000000e+10
4.737907e+00 9.538929e+00 1.199701e+01 1.960807e+01 2.488160e+01 2.757858e+01 3.591409e+01 4.167735e+01 4.462173e+01 5.370891e+01 5.682334e+01 8.330715e+01 1.243860e+02 1.621204e+02 2.084408e+02 2.593037e+02 3.203059e+02 3.800869e+02 4.371658e+02 5.108355e+02 5.740525e+02 6.545963e+02 7.278930e+02 8.381596e+02 1.005400e+03 1.180694e+03 1.442010e+03 1.692542e+03 2.006896e+03 3.567569e+03 5.420779e+03 7.388954e+03 9.208283e+03 1.078263e+04 1.215925e+04 1.317339e+04 1.392255e+04 1.434254e+04 1.449542e+04 1.000000e+10 1.000000e+10 1.000000e+10 1.000000e+10 1.000000e+10 1.000000e+10 1.000000e+10 1.000000e+10 1.000000e+10 1.000000e+10 1.000000e+10 1.000000e+10 1.000000e+10 1.000000e+10 1.000000e+10 1.000000e+10 1.000000e+10 1.000000e+10
5.641740e+00 1.135040e+01 1.426947e+01 2.329197e+01 2.952943e+01 3.271494e+01 4.254182e+01 4.932031e+01 5.277845e+01 6.343082e+01 6.707477e+01 9.792556e+01 1.453386e+02 1.884691e+02 2.409235e+02 2.979811e+02 3.657675e+02 4.316048e+02 4.951949e+02 6.066875e+02 7.438988e+02 9.751609e+02 1.217411e+03 1.540656e+03 1.957645e+03 2.342478e+03 2.860182e+03 3.317652e+03 3.856406e+03 6.227146e+03 8.724183e+03 1.118556e+04 1.334888e+04 1.515540e+04 1.669256e+04 1.780091e+04 1.860573e+04 1.905057e+04 1.921075e+04 1.000000e+10 1.000000e+10 1.000000e+10 1.000000e+10 1.000000e+10 1.000000e+10 1.000000e+10 1.000000e+10 1.000000e+10 1.000000e+10 1.000000e+10 1.000000e+10 1.000000e+10 1.000000e+10 1.000000e+10 1.000000e+10 1.000000e+10 1.000000e+10
6.622275e+00 1.331236e+01 1.672836e+01 2.726609e+01 3.453291e+01 3.823844e+01 4.964586e+01 5.749452e+01 6.149247e+01 7.378238e+01 7.797796e+01 1.133348e+02 1.671554e+02 2.156311e+02 2.740399e+02 3.416610e+02 4.714035e+02 6.640282e+02 9.036718e+02 1.281780e+03 1.657857e+03 2.192563e+03 2.685767e+03 3.285483e+03 3.999431e+03 4.619222e+03 5.412211e+03 6.084186e+03 6.849201e+03 9.994393e+03 1.306861e+04 1.595086e+04 1.839538e+04 2.038423e+04 2.204225e+04 2.321821e+04 2.406078e+04 2.452131e+04 2.468570e+04 1.000000e+10 1.000000e+10 1.000000e+10 1.000000e+10 1.000000e+10 1.000000e+10 1.000000e+10 1.000000e+10 1.000000e+10 1.000000e+10 1.000000e+10 1.000000e+10 1.000000e+10 1.000000e+10 1.000000e+10 1.000000e+10 1.000000e+10 1.000000e+10
7.656035e+00 1.537721e+01 1.931357e+01 3.143102e+01 3.976502e+01 4.400780e+01 5.704060e+01 6.598346e+01 7.053148e+01 8.448241e+01 8.923502e+01 1.290961e+02 1.943169e+02 2.971507e+02 4.965337e+02 7.954949e+02 1.240202e+03 1.744942e+03 2.274585e+03 3.008871e+03 3.672341e+03 4.548680e+03 5.310660e+03 6.195977e+03 7.206738e+03 8.055248e+03 9.110361e+03 9.982493e+03 1.095518e+04 1.478538e+04 1.834467e+04 2.156467e+04 2.422465e+04 2.634644e+04 2.808748e+04 2.930645e+04 3.017058e+04 3.063868e+04 3.080460e+04 1.000000e+10 1.000000e+10 1.000000e+10 1.000000e+10 1.000000e+10 1.000000e+10 1.000000e+10 1.000000e+10 1.000000e+10 1.000000e+10 1.000000e+10 1.000000e+10 1.000000e+10 1.000000e+10 1.000000e+10 1.000000e+10 1.000000e+10 1.000000e+10
8.713844e+00 1.748619e+01 2.195118e+01 3.566594e+01 4.520264e+01 5.045657e+01 6.978027e+01 8.632851e+01 9.584876e+01 1.302863e+02 1.438315e+02 2.924262e+02 6.250324e+02 1.011989e+03 1.559284e+03 2.221790e+03 3.070330e+03 3.936949e+03 4.783198e+03 5.888812e+03 6.841177e+03 8.050601e+03 9.068205e+03 1.021946e+04 1.150106e+04 1.255467e+04 1.384098e+04 1.488712e+04 1.603783e+04 2.043730e+04 2.437994e+04 2.785318e+04 3.066519e+04 3.287392e+04 3.466374e+04 3.590392e+04 3.677556e+04 3.724428e+04 3.740945e+04 1.000000e+10 1.000000e+10 1.000000e+10 1.000000e+10 1.000000e+10 1.000000e+10 1.000000e+10 1.000000e+10 1.000000e+10 1.000000e+10 1.000000e+10 1.000000e+10 1.000000e+10 1.000000e+10 1.000000e+10 1.000000e+10 1.000000e+10 1.000000e+10
3.882260e+01 8.280941e+01 1.070121e+02 1.887429e+02 2.508023e+02 2.840497e+02 3.930281e+02 4.733410e+02 5.157713e+02 6.524524e+02 7.010666e+02 1.145343e+03 1.912596e+03 2.664717e+03 3.615631e+03 4.671973e+03 5.936052e+03 7.160509e+03 8.310994e+03 9.764287e+03 1.098114e+04 1.248969e+04 1.373272e+04 1.511488e+04 1.662776e+04 1.785389e+04 1.933198e+04 2.052033e+04 2.181477e+04 2.665874e+04 3.088355e+04 3.453012e+04 3.743616e+04 3.969089e+04 4.149960e+04 4.274234e+04 4.360963e+04 4.407319e+04 4.423576e+04 1.000000e+10 1.000000e+10 1.000000e+10 1.000000e+10 1.000000e+10 1.000000e+10 1.000000e+10 1.000000e+10 1.000000e+10 1.000000e+10 1.000000e+10 1.000000e+10 1.000000e+10 1.000000e+10 1.000000e+10 1.000000e+10 1.000000e+10 1.000000e+10
1.182936e+02 2.427848e+02 3.078346e+02 5.139399e+02 6.602904e+02 7.359771e+02 9.731232e+02 1.139472e+03 1.225132e+03 1.491699e+03 1.583769e+03 2.375896e+03 3.616559e+03 4.744779e+03 6.094999e+03 7.528099e+03 9.178303e+03 1.072722e+04 1.214801e+04 1.390454e+04 1.534795e+04 1.710848e+04 1.853840e+04 2.010918e+04 2.180801e+04 2.317075e+04 2.479838e+04 2.609597e+04 2.749905e+04 3.266543e+04 3.707799e+04 4.082572e+04 4.377485e+04 4.604033e+04 4.784270e+04 4.907249e+04 4.992572e+04 5.037947e+04 5.053796e+04 1.000000e+10 1.000000e+10 1.000000e+10 1.000000e+10 1.000000e+10 1.000000e+10 1.000000e+10 1.000000e+10 1.000000e+10 1.000000e+10 1.000000e+10 1.000000e+10 1.000000e+10 1.000000e+10 1.000000e+10 1.000000e+10 1.000000e+10 1.000000e+10
