# lowEnergyEdge exposure
1.000000000000000000e+02 0.000000000000000000e+00
1.584893192461114211e+02 0.000000000000000000e+00
2.511886431509579722e+02 0.000000000000000000e+00
3.981071705534973262e+02 0.000000000000000000e+00
6.309573444801930009e+02 0.000000000000000000e+00
1.000000000000000000e+03 0.000000000000000000e+00
1.584893192461114040e+03 0.000000000000000000e+00
2.511886431509582053e+03 0.000000000000000000e+00
3.981071705534973262e+03 0.000000000000000000e+00
6.309573444801930236e+03 0.000000000000000000e+00
1.000000000000000000e+04 0.000000000000000000e+00
1.584893192461114086e+04 0.000000000000000000e+00
2.511886431509582326e+04 2.884727300793437287e+06
3.981071705534969078e+04 2.404935642345921136e+06
6.309573444801942969e+04 4.303731701306852698e+07
1.000000000000000000e+05 1.918275385756511688e+08
1.584893192461114086e+05 8.599004597101812363e+08
2.511886431509582035e+05 3.023363856556040764e+09
3.981071705534969224e+05 4.743479025465675354e+09
6.309573444801942678e+05 6.446536558974576950e+09
1.000000000000000000e+06 6.470909698975845337e+09
1.584893192461114144e+06 7.085647293555452347e+09
2.511886431509582326e+06 5.899883312917503357e+09
3.981071705534977373e+06 4.545546079881832123e+09
6.309573444801942445e+06 2.969373325490227699e+09
1.000000000000000000e+07 3.284281086512125969e+09
1.584893192461114191e+07 1.343944356660140038e+09
2.511886431509582326e+07 2.707588787653476596e+08
3.981071705534977466e+07 9.448206754783365130e+07
6.309573444801943004e+07 3.613442004093794525e+07
1.000000000000000000e+08 3.613442004093794525e+07
