# lowEnergyEdge exposure
1.000000000000000000e+02 0.000000000000000000e+00
1.584893192461114211e+02 0.000000000000000000e+00
2.511886431509579722e+02 0.000000000000000000e+00
3.981071705534973262e+02 0.000000000000000000e+00
6.309573444801930009e+02 0.000000000000000000e+00
1.000000000000000000e+03 0.000000000000000000e+00
1.584893192461114040e+03 0.000000000000000000e+00
2.511886431509582053e+03 0.000000000000000000e+00
3.981071705534973262e+03 0.000000000000000000e+00
6.309573444801930236e+03 0.000000000000000000e+00
1.000000000000000000e+04 2.497618734459273983e+05
1.584893192461114086e+04 0.000000000000000000e+00
2.511886431509582326e+04 1.804307842304063030e+06
3.981071705534969078e+04 8.551686481525842100e+06
6.309573444801942969e+04 3.454397515813486278e+07
1.000000000000000000e+05 2.467295507942861021e+08
1.584893192461114086e+05 9.229399529492181540e+08
2.511886431509582035e+05 1.875440763509183407e+09
3.981071705534969224e+05 2.707555052144668102e+09
6.309573444801942678e+05 4.420216442735448837e+09
1.000000000000000000e+06 4.274580090453286648e+09
1.584893192461114144e+06 4.032882918067669392e+09
2.511886431509582326e+06 4.289924407747448444e+09
3.981071705534977373e+06 2.070410733747949839e+09
6.309573444801942445e+06 1.051529193602603793e+09
1.000000000000000000e+07 7.394198088376665115e+08
1.584893192461114191e+07 2.872470242528644800e+08
2.511886431509582326e+07 1.021633200873915255e+08
3.981071705534977466e+07 9.427795233051338792e+07
6.309573444801943004e+07 2.272892938757065684e+07
1.000000000000000000e+08 2.272892938757065684e+07
