# lowEnergyEdge exposure
1.000000000000000000e+02 0.000000000000000000e+00
1.584893192461114211e+02 0.000000000000000000e+00
2.511886431509579722e+02 0.000000000000000000e+00
3.981071705534973262e+02 0.000000000000000000e+00
6.309573444801930009e+02 0.000000000000000000e+00
1.000000000000000000e+03 0.000000000000000000e+00
1.584893192461114040e+03 0.000000000000000000e+00
2.511886431509582053e+03 0.000000000000000000e+00
3.981071705534973262e+03 0.000000000000000000e+00
6.309573444801930236e+03 0.000000000000000000e+00
1.000000000000000000e+04 0.000000000000000000e+00
1.584893192461114086e+04 0.000000000000000000e+00
2.511886431509582326e+04 0.000000000000000000e+00
3.981071705534969078e+04 1.920774224366126209e+07
6.309573444801942969e+04 4.812296920510338247e+07
1.000000000000000000e+05 2.277912487877575755e+08
1.584893192461114086e+05 1.165321097141450405e+09
2.511886431509582035e+05 3.790023451645435333e+09
3.981071705534969224e+05 5.672993393567604065e+09
6.309573444801942678e+05 8.515210640043391228e+09
1.000000000000000000e+06 1.054070172200728226e+10
1.584893192461114144e+06 1.052879481085186768e+10
2.511886431509582326e+06 1.028723470808533859e+10
3.981071705534977373e+06 8.081757674079185486e+09
6.309573444801942445e+06 8.133806966366141319e+09
1.000000000000000000e+07 7.147879743835107803e+09
1.584893192461114191e+07 2.741751589197019100e+09
2.511886431509582326e+07 3.077959728390859127e+09
3.981071705534977466e+07 2.824793819271458983e+08
6.309573444801943004e+07 3.699077297170594335e+08
1.000000000000000000e+08 3.699077297170594335e+08
