# lowEnergyEdge exposure
1.000000000000000000e+02 0.000000000000000000e+00
1.584893192461114211e+02 0.000000000000000000e+00
2.511886431509579722e+02 0.000000000000000000e+00
3.981071705534973262e+02 0.000000000000000000e+00
6.309573444801930009e+02 0.000000000000000000e+00
1.000000000000000000e+03 0.000000000000000000e+00
1.584893192461114040e+03 0.000000000000000000e+00
2.511886431509582053e+03 0.000000000000000000e+00
3.981071705534973262e+03 0.000000000000000000e+00
6.309573444801930236e+03 0.000000000000000000e+00
1.000000000000000000e+04 0.000000000000000000e+00
1.584893192461114086e+04 0.000000000000000000e+00
2.511886431509582326e+04 8.503815111650300678e+05
3.981071705534969078e+04 2.137394325265196618e+06
6.309573444801942969e+04 2.223840532664341480e+07
1.000000000000000000e+05 3.118395662934875488e+08
1.584893192461114086e+05 1.943781484345932484e+09
2.511886431509582035e+05 6.614973002468723297e+09
3.981071705534969224e+05 1.952828613466427231e+10
6.309573444801942678e+05 3.440880566088074493e+10
1.000000000000000000e+06 5.262369556556172943e+10
1.584893192461114144e+06 7.912226681945275879e+10
2.511886431509582326e+06 1.145227558273573151e+11
3.981071705534977373e+06 1.548654869887556763e+11
6.309573444801942445e+06 2.025075349658094482e+11
1.000000000000000000e+07 2.472936206060003967e+11
1.584893192461114191e+07 3.549367543356647339e+11
2.511886431509582326e+07 4.496721291303128662e+11
3.981071705534977466e+07 5.165328114786466675e+11
6.309573444801943004e+07 6.190644467599443359e+11
1.000000000000000000e+08 6.190644467599443359e+11
